538135575791149056	0.0
539368816242094080	5.0
539370294931378176	5.0
538051208175714304	3.0
539203986948358144	-4.0
539581077950828544	4.0
538131382166650880	5.0
539205721603457025	0.0
538029404421496832	-3.0
537247860879003648	-3.0
538332317354582019	0.0
538336216371175424	1.0
539208426510114817	-4.0
538006599705841665	5.0
538006040231809024	3.0
539576635381792768	0.0
537656935961862145	-3.0
539372080861827072	0.0
539581580910800896	5.0
539206195874394113	4.0
538139385875955712	1.0
539433095578255362	-3.0
538000800271073282	-1.0
537614371774410753	4.0
539434043201564672	-5.0
539491646912868352	1.0
539488013823520769	5.0
537953801492520961	1.0
538049522921127936	3.0
537957059321688065	3.0
538138376634134528	-4.0
539438596533784577	4.0
537952685358841856	0.0
538287852095016960	5.0
539205637755117568	5.0
538051488749469696	-2.0
537652034678579200	-4.0
539581832405471232	5.0
537952014047932416	0.0
539367168195174400	5.0
539487204272517121	5.0
538004948546760704	-2.0
539581860524081152	-3.0
539487288385101825	0.0
539369067992588289	-4.0
539492516626956288	4.0
539199396467208193	1.0
537657523571269632	-4.0
538137985662062592	-1.0
537951733771935744	5.0
538286723764326400	5.0
539581636741177344	5.0
539491423020908544	0.0
538334897598107650	-3.0
538011053108772865	-2.0
538336721306652672	0.0
538007354772815872	-4.0
538138125332406272	0.0
538008977473560576	-5.0
537595019113549825	0.0
538052105840640000	1.0
537955776095346688	-2.0
539487008440455168	-2.0
539204238845702144	5.0
539581161866276865	1.0
537658842218508289	-3.0
539574318519578624	-1.0
538287458170187776	-1.0
537247804750856192	-2.0
539435856420175873	-2.0
539372833580003328	0.0
539360556265013248	4.0
537951400475766784	0.0
537240051751854080	0.0
537599461707743232	0.0
539203736091254784	1.0
538010829137117184	-5.0
539204435483037696	3.0
539577555595300864	3.0
539208090835759104	2.0
539579734989213697	2.0
538287655499616256	1.0
539725870475513856	4.0
537596275831869440	-2.0
537658983046447104	5.0
537651002196123648	0.0
537595801846153216	1.0
539207727092752384	-5.0
539367028277387264	4.0
539485777542262784	-4.0
539370127398289408	5.0
537244811041193984	-5.0
539199116363169793	-1.0
539486253193113601	-1.0
537957534439845888	-1.0
539204658515181569	5.0
537654893377777664	5.0
539493019758886912	-4.0
539372527534219264	-4.0
537956919747817472	2.0
539370518009630720	-5.0
537593928518995968	1.0
537657271904657408	1.0
539374202558902272	4.0
538045757484716032	5.0
538005060647911424	-4.0
538139441643413504	5.0
539369652129116160	-1.0
539726650502840321	2.0
537598930817912833	-3.0
539436023785472000	-3.0
538048030730387456	-1.0
537601137013444608	-3.0
539206587228094464	0.0
539485022743703553	5.0
538332373310795776	2.0
538053799328636928	-1.0
539433178067632128	-4.0
538133155228971008	3.0
539434127188320256	-1.0
539434656383651840	-4.0
538048002666283008	0.0
539440301509976066	1.0
537245595082448896	-5.0
539576301582315520	3.0
539206754069139457	0.0
539582196475236353	5.0
539488795889250304	4.0
539432985494552577	-5.0
539201637987135488	-5.0
539205161940680705	5.0
537243888541777921	-2.0
539206140056596481	5.0
538335713100840960	1.0
539360335929806849	-4.0
538053627890659328	-5.0
539372332423585792	-2.0
537657915348647937	4.0
539725036605964288	-3.0
539433847872831490	0.0
537246295971614720	-4.0
538052921389514752	-4.0
537246854996836352	-5.0
537955581039226880	-3.0
538006879528845313	-4.0
539575409571270656	-3.0
539485050359001089	1.0
537657579431006209	-2.0
537656125093842945	-4.0
539369484910596096	-4.0
537597449821757440	-5.0
537243243407495169	0.0
537659346470322176	3.0
539368844092243968	-3.0
539203007632916480	-3.0
538052017001082880	4.0
538049880640741376	-1.0
539198920677928960	-1.0
539203035554406400	4.0
539725008634118144	3.0
538292253320830976	-3.0
538286410265276416	1.0
537593900526235649	0.0
539367307844550656	0.0
539578870085980160	0.0
538053571796008964	2.0
538335178356453377	4.0
539485106302636032	5.0
538132675295723520	-1.0
539581720493031424	1.0
537957506249547777	2.0
538286437595381760	-4.0
537952462213505024	1.0
539371270748774400	-1.0
539725370808098816	-4.0
538136108790714368	1.0
539202476776632321	0.0
539439407116615680	0.0
537239886957666304	-1.0
539433959768477697	2.0
537955999404265472	-2.0
537656880110530560	-1.0
539371130969391104	2.0
538136865204088832	-2.0
537953466401169408	0.0
539434239415291904	0.0
537598008675016705	5.0
537958991411036160	0.0
539203512262209537	-3.0
537951901577646080	-5.0
537957478202638336	5.0
538131662396485632	5.0
539202196756508672	-2.0
538133409374420992	-2.0
539491674859515905	1.0
539576942044151808	-2.0
539574402422407168	1.0
537958766910926848	-1.0
538006768354594817	-2.0
538135183212691456	5.0
539487845648719872	0.0
538047552378384385	2.0
539367196112453632	1.0
537658618251079680	1.0
537244922790047744	-2.0
538046593468203008	5.0
539208594248720384	1.0
538337816338771968	-3.0
537651223575666688	4.0
539208118782414850	-3.0
539366527599116288	-2.0
539372360374431744	4.0
539206363667501056	1.0
537244418999603200	-4.0
537952434279424000	0.0
539198807775645696	3.0
538288861634658304	5.0
537959410564599808	5.0
538008138671464448	-4.0
539201357006503937	1.0
538009089364992000	-2.0
539491087149436928	-3.0
538334198172770304	3.0
537245090646077440	1.0
539486140936777728	0.0
539726455425757184	1.0
538165397682278400	5.0
539367643124604928	4.0
537594823382159360	-4.0
537247441482186752	2.0
538336468499202048	5.0
537650847522775040	-1.0
539209601624068096	4.0
539433040226037761	0.0
538291073307901952	3.0
539433232832659456	-5.0
537242178041286658	-3.0
537600076710166528	5.0
538011305291284481	5.0
537956612045303808	5.0
539202672986169344	-2.0
537657859547602945	1.0
539574430402641920	-4.0
538136389540642816	-2.0
538053940366295040	4.0
538292982282461185	1.0
537956388572766209	0.0
539580685355585537	4.0
538332175322873856	-4.0
539579065108545536	4.0
538001192388145152	-2.0
539576357416886273	5.0
539203680164380673	1.0
539434015200391168	5.0
539370155420418049	4.0
539490666863394816	5.0
537241898294198273	5.0
538132873187168257	-5.0
538048399195791360	0.0
537954552562319361	0.0
538009454508519424	-5.0
539205693635821569	-4.0
538001500082294784	-4.0
539580433005309952	5.0
539574374521925632	-2.0
538051848440410114	3.0
538008278295658497	-2.0
537655676882157570	-4.0
538336132279599105	1.0
539440972955156480	0.0
539433735792631808	-5.0
537653493407166464	2.0
539203259790295042	4.0
539202979669499905	0.0
537243383253987328	3.0
538007410779385856	-3.0
538337059866681344	3.0
537239914824630273	0.0
537243608571973632	-1.0
538335122601545728	-1.0
538008110661918722	-2.0
537593760239353856	-1.0
537595074964889600	-3.0
539725064561000448	-4.0
539573929120399360	-4.0
538287711330009088	-4.0
538004562121342976	1.0
539489660549226496	-1.0
539371158878306304	2.0
538052499169902592	-1.0
537597953373138944	4.0
538337961080016896	-5.0
538132507850731522	-5.0
539367838579195904	0.0
539577865571164160	5.0
539370406449516544	5.0
537956780153012224	1.0
539199816409296898	-1.0
537600494534164482	-2.0
539203875300192256	0.0
537655648952254465	0.0
539439602663456768	0.0
538147242394128384	-1.0
538046863782707200	5.0
539206726197993472	0.0
539581189699698688	-3.0
539435633681645568	-5.0
537240917561057280	-5.0
537953689995317248	-5.0
538294324174520320	1.0
538136753417494529	0.0
539575715629637632	-5.0
539487677947838464	5.0
539579120980881408	-5.0
539205526081789952	1.0
539371745170718720	5.0
538289029067071490	1.0
537598874958180353	-4.0
538053487645696000	3.0
538137565698985984	0.0
539203344854953984	4.0
539487036399702017	4.0
538046381043486720	2.0
539491957786292224	5.0
538287346106793984	5.0
539579651891671040	-3.0
537244587136667649	-3.0
538293820895801344	4.0
538134705515012096	3.0
539360890693644288	0.0
538004671395561473	-5.0
538005032478973952	-5.0
538052980751478784	2.0
538006180132823040	0.0
539372052931948544	-2.0
538131438022180865	-3.0
539370378528030720	0.0
538333468116393984	1.0
539210495396683776	5.0
537953856840531968	1.0
539492488063778816	2.0
537658224208789504	-5.0
538137480361705472	2.0
537244559068393473	0.0
537955246291832832	5.0
537594404085989376	-3.0
538287935762989056	5.0
538291746007166976	0.0
537657047765241856	0.0
538291354234015745	0.0
539371717257609216	5.0
538336749328826368	3.0
538136164667228162	-5.0
538331754835496960	-4.0
538133996149149696	-1.0
539440440840167426	0.0
539208370755223553	-2.0
538290877295525888	-1.0
537651307566620674	4.0
538335936556589056	5.0
537652174738952193	0.0
537955859402612736	-2.0
539371326667255808	4.0
538007103471104000	5.0
539489046582816769	-4.0
538047092607188992	-1.0
538136529697505280	-1.0
539492432283697152	5.0
539373140208803840	4.0
537954301029933057	5.0
537653381402492928	1.0
539209517733806080	-3.0
539488628368740352	-4.0
539485580829392896	-1.0
537655844729806849	-2.0
537659290698645504	-4.0
539575967380160512	-4.0
538049255035121665	1.0
537601109112922113	0.0
538049733424873472	-3.0
537653912804003840	-2.0
539436444092493824	2.0
537954885963366401	1.0
537955803429613568	2.0
539371102813057025	3.0
537600048755142656	-4.0
539490555005501441	1.0
537658590388293632	3.0
537593650281459713	-5.0
539438037017845760	5.0
537598427610497024	1.0
539204714655928320	4.0
539489157933178880	-4.0
537952350171058176	5.0
539372778412335104	1.0
537245119486107648	-3.0
537240275228577792	-4.0
537596192113577984	0.0
537957730234142721	5.0
539209406135934976	4.0
538338944560410625	5.0
539579092996481024	0.0
539371968936837120	0.0
538009398623617024	2.0
538292365342302208	5.0
538286492339404801	2.0
539489577330036736	0.0
537598176287789056	-3.0
539370964149346304	4.0
538294662227034113	5.0
537951817486069760	-5.0
537653240171859969	3.0
538131326218801152	0.0
538134733583319040	0.0
538131466107252736	5.0
539371382740889600	-1.0
539199900614152192	-2.0
538137845475852288	-5.0
538046803430875136	2.0
539489604580421632	1.0
538338748602515456	-1.0
538289617070735360	2.0
539369708047597568	-4.0
539437785477050368	-1.0
539443554276212736	-3.0
539580908945559552	5.0
538306548062109696	2.0
539432738160672769	5.0
537951929591410689	0.0
538293010447224832	2.0
539486225191960576	4.0
537597003451367424	4.0
539435047464755200	1.0
538046978002026496	4.0
539436778600800256	0.0
538294296303378432	-3.0
539486644479741952	-2.0
537600438863159296	0.0
537956194737221632	0.0
537243497091571713	2.0
539439295367741440	2.0
537954524628254720	-4.0
538137340313886720	-4.0
539489269774303232	5.0
538337844629360641	4.0
538008557762150400	0.0
538291522354315264	1.0
539437003495186433	4.0
539725537246474241	4.0
538008306120679424	4.0
537955163496267776	-3.0
538054225780310018	-1.0
539373839516725248	3.0
539368396685848576	0.0
538290485534552065	-1.0
538136669279760384	-3.0
539574822876229635	3.0
539576830228185088	-5.0
538049551157194752	-3.0
537240079056769024	4.0
537957226464706560	-5.0
539204938254286848	-1.0
537958066147581952	-3.0
537594040607584256	2.0
539205245789044737	2.0
539578060627275776	4.0
538130937511694338	-1.0
539198586882650113	4.0
539432765595607040	-4.0
538332656606662657	5.0
537246044476944384	-1.0
539441056996413441	-1.0
539367894350839808	-4.0
538133521249095680	4.0
538010661234937856	-1.0
538293485590556672	3.0
539199732120555520	5.0
538139246390169600	4.0
538054080313425921	-3.0
539491283015041025	1.0
539490163572113408	-5.0
537245932837163009	-4.0
538333890726068224	3.0
538137929273851905	-3.0
539488349653041152	-4.0
539439882058612736	5.0
538006347842088960	4.0
539368006334554112	5.0
538290010584539136	-5.0
537248000939413505	-1.0
538287683488198656	-4.0
539575604182798336	4.0
539484967244693504	-2.0
537597171257081856	0.0
538334757604818944	5.0
538138712614645760	-1.0
538139302044401665	4.0
537242487111569409	5.0
538046502950936576	1.0
538132788114128897	-5.0
538051264438087681	1.0
537594431994880001	-3.0
539581748511002624	-2.0
539726595272228865	5.0
539578787021987842	0.0
539435549258694656	2.0
538007047703650304	-1.0
537657216082665472	0.0
538009229370859520	-4.0
539433344136929280	-1.0
538001555921047552	5.0
539582084604776448	-5.0
537956947581239296	-3.0
539373251429171200	0.0
538292000785969152	-3.0
539209013419048960	5.0
538010913190973440	-1.0
538286354653011969	2.0
537595969354100736	-1.0
539435130893643776	3.0
538288526933393408	-1.0
538138209126215682	5.0
537247721091256320	4.0
537658562475220992	0.0
539577583579693056	-1.0
539576329528934400	1.0
537600467103391745	-1.0
539435437518229504	-1.0
539204882528763904	-1.0
539438064972873728	3.0
539492544481341440	5.0
539574234260180992	0.0
538290681044037632	0.0
539484939960729600	4.0
538047439161524224	5.0
538291773953830912	0.0
539485833347465216	4.0
537952573702291456	4.0
539581776587677697	0.0
539490750632058880	-2.0
539726372340760576	-2.0
537651950729568256	0.0
538288610530037760	1.0
538331922649600001	-5.0
538050695958921216	-5.0
538288047553789952	-2.0
538290905766445056	5.0
539489018686500864	5.0
538131076351528960	0.0
537244390994219008	4.0
539726037987631104	-2.0
539439518693466112	-3.0
538335038602231808	3.0
537600299972968448	3.0
539577025716310017	-4.0
537951650003312640	-4.0
538290457382764544	0.0
539372583356235776	4.0
539578479290122240	0.0
537245034715033600	-3.0
539207810824028160	5.0
538001360105775104	1.0
539437757584904192	5.0
538046677744373760	1.0
538006628545875969	-5.0
537954691595108352	-3.0
538007830369140736	-4.0
538048283185541120	1.0
539209825344036864	3.0
539438959332720640	1.0
537246156225798144	2.0
538336440602886144	-4.0
537655173406285824	-4.0
539202952221982720	0.0
539436107772211200	-3.0
537600160407511040	-4.0
539490023532662785	5.0
539205134073737217	-1.0
537599685171879936	2.0
537248224609050624	-3.0
539484768568901632	5.0
538334477987373056	2.0
539439994096865280	5.0
539433875903356929	-4.0
539435605399453696	-3.0
537957953954131968	4.0
537597925346787328	5.0
539436975565312001	-4.0
538134332989538304	5.0
537245708047642624	5.0
537594236464791552	-1.0
539486589131685888	4.0
539575521534042112	-2.0
538001472051740674	4.0
538007718662246400	0.0
539491254971932673	0.0
538337788379553792	-1.0
538009117479428096	-1.0
539201917503963136	-5.0
538332768699416578	-2.0
538332628760674304	-4.0
538137144817364993	3.0
537597729351168000	-2.0
539491031260348416	0.0
538051096179376129	-2.0
537954189859913728	0.0
538006068082003968	-3.0
538000576752390144	-3.0
538004864530677760	5.0
539372499612733441	3.0
539200404966625280	-2.0
539577641675018242	-3.0
538134761601236993	-2.0
537658955124985857	-3.0
539367671071272960	5.0
537657635626295296	0.0
539205078109147136	-3.0
537655760831135744	-2.0
539488153275727872	4.0
539486924491481088	3.0
537953549758787584	-3.0
538137733404061697	1.0
537243159244574720	4.0
538134024137740288	-3.0
538132227419561985	0.0
537247580934385664	0.0
539485245918437377	2.0
539573818537566210	1.0
537952769077157888	-4.0
537651978672037888	-3.0
539437562537201665	1.0
538052190007721984	-1.0
538047411030347776	5.0
539490498973822976	-1.0
538048821562204160	4.0
537956166782181376	-2.0
537598706946961408	0.0
539433539687956480	0.0
538052690430160896	5.0
537656627831517185	4.0
537600885535563777	0.0
538293597293252609	5.0
539580573782908928	-2.0
539204182675578881	2.0
537613483701829634	5.0
537246351831355392	0.0
539199284143726592	1.0
538051460630872064	5.0
539202784990867457	-1.0
538336048338964480	5.0
539201861543530496	-2.0
539574011706236928	3.0
538051988626628608	-2.0
539209741592170497	0.0
539200238150778880	-2.0
539438568553598977	-3.0
538131919347937280	5.0
538007215240929280	-2.0
539204267912200192	-5.0
539206251746701313	-4.0
537245988663345152	3.0
539487873578569728	2.0
538132059831934976	0.0
539437283641139200	4.0
539204770696036352	0.0
537601611317923840	0.0
538011165138640896	-1.0
537656571845939201	3.0
539205665764687872	-3.0
537596359575343104	4.0
537958710908551168	5.0
538287430286446593	-3.0
537598064513810432	0.0
539440496771600386	-4.0
538000772341198849	2.0
539440692670779392	-5.0
539490610793955328	-1.0
537239855777185792	-2.0
539724813963915264	0.0
538048367004499968	2.0
538328687876124672	1.0
539439826161111040	-4.0
537957814334136321	1.0
539488432285057024	0.0
537613316793724930	0.0
539580657492840448	5.0
537955943141888000	3.0
537594068650696704	2.0
538132535843520512	0.0
537658111818219520	0.0
537657439676805120	0.0
539207366109970432	0.0
539580404920254464	-5.0
539202224946417665	-5.0
539575437509537792	1.0
539210159802036225	0.0
537594012660957184	0.0
537241224957411328	-1.0
539492963559411712	-3.0
538337903982948352	-1.0
539371047607611392	3.0
539371075529097216	0.0
537246379979329537	-4.0
537658871155003392	4.0
537652062608441344	-1.0
539445110379802624	1.0
539577472267059200	-4.0
539580853090009088	-4.0
538001108552409088	1.0
538008725886607360	-5.0
539437869245677568	2.0
537957310405296130	0.0
537600216153985024	1.0
537594767526596608	-4.0
539485665273339904	5.0
537601220303933440	-5.0
537240945469947904	0.0
539438679815897088	5.0
539200797595414528	5.0
538289898319802368	0.0
538338692436602881	-5.0
538049199057928193	2.0
537599405852225536	5.0
538294240464633856	-1.0
539437311512293376	5.0
539371019723898880	3.0
537596583316295681	0.0
539575827110051840	-2.0
538292112547397632	5.0
539488516255010817	1.0
537652818694635520	-4.0
539438624572719105	4.0
539440105896022016	5.0
539576858132885505	5.0
538332541443670017	-3.0
537651586387165184	-2.0
539581357308256256	0.0
537597087215808512	4.0
539574738969174016	-3.0
539485552870178816	1.0
537955553105154048	-3.0
539199508127952898	0.0
538289814689558528	-3.0
537954719575310337	2.0
537243916576509952	-1.0
538335321998761984	3.0
538005928185167872	-4.0
538046110850617345	0.0
538294128329891840	-2.0
538338214604713985	5.0
538046621783949312	3.0
539486448911908864	-4.0
538293765270958080	0.0
538005284254666754	-5.0
539439965953069057	-2.0
539488236985651200	-1.0
539492628140920833	0.0
539206223732932608	-2.0
539203847424847872	-1.0
538288749944524800	3.0
538137817604694016	2.0
538010969419816960	-5.0
539574346415874049	-5.0
539371438726459393	0.0
537244894935654400	1.0
538291410714521600	4.0
539369345366102016	5.0
538293038288994305	1.0
539360750897463298	-4.0
539579037157695488	-3.0
539726790185742337	5.0
538291634447077376	0.0
538293206224740353	5.0
539372220662161408	-2.0
538052078028197888	-1.0
539368927844126720	5.0
539204295795957760	2.0
539208454507098112	-4.0
538333524479463424	-4.0
539367698938224640	-4.0
537597143348166656	-2.0
539203456268255232	3.0
538138600916140032	5.0
539369123806191616	-2.0
539440776993067008	-5.0
538008054873460737	0.0
537652846637113345	-3.0
538131947340713984	-4.0
538138851559370752	-5.0
537952601565036544	0.0
539491311095914496	-1.0
539577388523606016	3.0
538053041535344640	1.0
539198864654618624	-4.0
539579232897495040	-5.0
539203931109601280	1.0
539438261157249024	4.0
539433150729183232	2.0
537599852826607616	4.0
538008837820006400	1.0
538135799825711104	2.0
538289954091446272	0.0
537659151112224768	3.0
537242094197571584	0.0
537596780637339648	0.0
539200881397604352	-2.0
539434545985384448	4.0
539360528322555904	0.0
538289448665243649	0.0
537598120436457472	-1.0
538333608046784512	5.0
537601304139677696	-3.0
537244502839549952	5.0
539489213792911362	-4.0
538051292397330432	5.0
539434490163363840	1.0
539203903209107456	0.0
537653577255518208	3.0
538332457545007104	-2.0
538133381469724672	0.0
539486392972476416	5.0
537658730511597568	1.0
539201217025822720	-1.0
538337031924228096	-3.0
539204603049680896	5.0
537598734897803264	5.0
538046831411068928	-2.0
537657075879661569	-3.0
537956360651276288	-2.0
538050377636384769	5.0
539580881103757312	5.0
538293150385971200	5.0
538288945336184832	-1.0
538006375792934912	4.0
537595941407432705	4.0
539367363762995200	-3.0
539575382257979392	4.0
538137621458079745	5.0
538289505330266112	4.0
537596499514105856	-3.0
539433123101290497	-5.0
537957926095560704	-5.0
537247973001158656	4.0
539438819750457344	-3.0
538132731398729728	-1.0
538288638388625408	-4.0
539492097112674305	4.0
539439630522011648	4.0
539439742258282497	-4.0
539581020568576000	-5.0
539206391819669504	5.0
538338776494649344	-3.0
539491842510041088	4.0
537959717931593728	1.0
538005956144410624	-5.0
538138572667514881	3.0
537248056891432960	0.0
537654248222490624	0.0
539490219494768640	4.0
539486896519651328	-5.0
537597981353324544	1.0
537656599809392640	1.0
539725481965522944	5.0
537655508950614016	5.0
539578925916356608	-1.0
539724731235438592	-1.0
538007886178553856	-1.0
537242543088738304	-1.0
537958794941460480	5.0
538049054971023360	-2.0
537652202702393345	5.0
537244335113523200	-3.0
539484857844645888	5.0
539437367682433024	1.0
537658927140601856	-5.0
539199480193884160	-2.0
539205106122899456	-4.0
538338832299864064	5.0
538334813766582273	5.0
537601025562402816	3.0
539209908546437120	-3.0
539201300916080640	-2.0
539372722577739776	0.0
539369876201431040	5.0
539435465427152896	-1.0
538333188440215552	0.0
539726762356523008	0.0
539579260978339840	-5.0
538007159397969920	2.0
538000632989642752	5.0
539199228149780481	1.0
539488962713501697	-4.0
538337143761166336	1.0
539725926431719424	5.0
539492292638539776	-4.0
538135211171926016	-2.0
539367112389980160	-2.0
539200265682161665	5.0
538338326471000065	3.0
537657887414571008	4.0
539486560891457536	0.0
537656488022798336	1.0
537593540717867008	-3.0
538339028387766272	-1.0
538052662579957761	-2.0
539368563514294272	-1.0
538047636587442176	1.0
538290513615790081	-1.0
538288387384700928	5.0
538134873727582209	0.0
538004501727547393	-1.0
539579344101081088	1.0
537955887361822720	0.0
539368983628382208	-2.0
537657327907000321	-1.0
538290737943961601	0.0
538334981433851905	-1.0
538335769048662017	3.0
537593871925256192	3.0
539440245553762306	-2.0
538005172367400961	-2.0
538333946770391040	5.0
538136557711273984	-2.0
538336580961067009	3.0
538293094119383040	5.0
537657971543920640	5.0
539205999979397120	0.0
539368117810761729	-3.0
537656376148131840	-1.0
539491563161022465	2.0
537655005311156225	-5.0
537959382571843585	-4.0
537601164389666816	-1.0
539207894697537536	0.0
538004644111581184	5.0
538006824285634560	-3.0
537955692943269889	3.0
537595829721505792	-2.0
538051348764569600	2.0
539373811687522304	4.0
538048793657495552	5.0
539204686671536129	4.0
537952992281255936	4.0
538053363100049409	-1.0
537240106948890624	3.0
538005116419575808	3.0
538131270317121536	5.0
537599238776303616	5.0
539435214452563971	0.0
539578395542446080	4.0
539724980725231616	1.0
539575102317535234	-1.0
539373112283119617	-1.0
539204098814672897	-4.0
539491367031152640	3.0
537244615255293953	5.0
539438847789379584	-5.0
539203316941848577	-4.0
538292056549249024	-3.0
539487316289794048	4.0
538004726093471744	0.0
539201384948981760	-1.0
539439351185571840	0.0
539434462824919040	-5.0
538009706108047360	4.0
539206167990640641	-4.0
537957618615353344	0.0
539207838737108992	0.0
539578423484903424	5.0
537658506275749889	5.0
539489632527089665	-4.0
538338466380394496	-4.0
538336300659920896	-2.0
538131214302183424	4.0
538019198614507520	4.0
539578451326693378	4.0
538335516991946752	5.0
538338636786593792	0.0
539208035135406080	0.0
537240331134455808	4.0
538288359320608768	4.0
537651057057611776	-4.0
539436666910679040	-4.0
538047237906255873	3.0
539208174713438208	2.0
539492796030517248	-4.0
538049850383036416	-5.0
539373558666125312	-5.0
538051236260741120	0.0
539437673749159937	5.0
537597757197131776	2.0
538046260725682176	3.0
537953577709613057	-5.0
537657943475236864	5.0
539438457215811584	0.0
537241252899876865	0.0
539490387321442304	5.0
539200152880545792	-3.0
537951566092075008	-1.0
537595326798901248	5.0
539489884260798464	5.0
538136361703055360	5.0
538294550541119488	4.0
538046172657909760	5.0
538335234581090304	1.0
539434295216336896	-4.0
537243299204333568	-3.0
539360806815936512	-3.0
537249311377997824	-3.0
539370462313459712	4.0
537953522395131904	5.0
539455565756264448	1.0
538000856361095169	4.0
537651642276278274	1.0
539370350619156480	5.0
539210383324905472	1.0
537660039524122624	4.0
539370015745904640	-5.0
538005788271583232	0.0
538053423909076992	2.0
537241420265185280	-4.0
537656991955845120	5.0
538132647256813568	-5.0
539486840295026689	-4.0
539204070876381185	-2.0
538047665737846784	-1.0
538335461752983553	-5.0
539485301753012225	-5.0
538337480320516096	4.0
539582112509468672	0.0
538293848725004288	1.0
538138041400168448	-4.0
539204910408278017	1.0
539439686398525441	1.0
538332062936481792	-4.0
537594879220940800	-5.0
538336917168070657	-2.0
538004892552806401	1.0
539433372016472064	-2.0
537954941911187456	-1.0
539201133626269696	-2.0
537652090680905730	4.0
539433931721166848	-4.0
538046739086077953	2.0
537265626616565761	-3.0
539373223524433920	-2.0
539198522709389312	-1.0
539576190487760898	3.0
538332796650283008	0.0
537599992522108928	-3.0
538050808420761601	1.0
538001695746580480	-4.0
539484830464229376	3.0
539492125109669888	0.0
539438008962121728	-2.0
539438288986439682	5.0
539488739790454784	-1.0
538287117664006144	5.0
539374258498326528	-1.0
539373168092540928	0.0
537594320317325312	1.0
538332880506986497	-5.0
538048905653800961	-2.0
539578953326161922	-2.0
539487064346353664	1.0
538286978270494720	5.0
537957422347083776	4.0
539370713363513344	3.0
537958935387701248	4.0
537956250034909184	4.0
539484803192881152	-5.0
537241168892145665	-3.0
539439490839105536	-2.0
538331782882799616	-2.0
539491226979143681	3.0
539206949968314368	5.0
539373699645059072	-1.0
538137789251219456	-3.0
538051152114634752	0.0
539435297302646785	-3.0
539439658451873792	-1.0
539574039153758208	0.0
539201526104068096	0.0
539433012933705728	-5.0
539452985751789570	5.0
538286695905783808	-4.0
539487901772685312	3.0
539433456166768640	4.0
538332231476215808	5.0
537596864351436800	-4.0
537956975536259073	0.0
538045787759214592	0.0
539210187819974656	3.0
538138153279049728	-3.0
539201610178899968	-2.0
537959298803171328	1.0
538294522552532993	-5.0
539199647903121408	1.0
539489465618956289	5.0
539579204976017408	2.0
537593704941637632	-5.0
539485469546139648	4.0
537595689984069632	5.0
537597421870919680	0.0
539373363073138688	3.0
538287061930082304	1.0
539372164651417600	5.0
539432875830288385	4.0
539491730664726528	-1.0
539488293336137728	0.0
539486952421347328	1.0
539204154762477568	1.0
537655872730988546	-2.0
539200965342425088	-3.0
537245315074883584	-4.0
537596724626620416	-2.0
538335405914214400	-1.0
538049908553814017	0.0
539443220942315523	-4.0
537242066213175297	-4.0
537657607519891456	5.0
538047325323919360	-4.0
539488265355952128	-4.0
538293932506222592	5.0
538135155266052098	5.0
537246072398417920	0.0
539366860740128769	3.0
538047863004364800	0.0
537650947301060608	-1.0
538335433806327808	5.0
538005340286377984	5.0
538008222431715328	-3.0
538335349966381056	5.0
539487705877737472	-5.0
538334533935177728	1.0
539372416032845824	0.0
537652258641833984	-2.0
537241448262164480	-2.0
537242795237720064	3.0
539436499998359553	0.0
538294718070030336	1.0
538300473774575619	-1.0
537243552750006274	-2.0
538292225441280000	0.0
539371857141837824	-2.0
539574571574525952	-4.0
537659010913406977	-2.0
539373195540054016	5.0
539725620511768576	0.0
539434684691005440	-1.0
539575855077687296	0.0
537241671936012288	0.0
538005676505985024	-1.0
538000884505251841	-4.0
538000326327304192	0.0
537953355273089025	4.0
538001276081283074	-4.0
539367224109465600	5.0
539208789644570624	0.0
537600132490199040	-2.0
537247525158531072	3.0
538153404875304960	-4.0
537599713030447104	3.0
538052387064537088	3.0
539576469354446849	3.0
539210467299037184	-1.0
539437897230069761	2.0
537243636594118656	-4.0
538006431786893313	0.0
538290373639290880	5.0
539485889232375808	-4.0
539488041786933248	-3.0
539491059173425153	5.0
538335489057914881	0.0
539369179707875329	-4.0
539200685360033792	0.0
537958038192533506	-4.0
539437841319985152	-1.0
537654556415754241	-1.0
537956416603324417	3.0
539370992338890752	5.0
538334338107322368	0.0
539433512076849152	5.0
538132003649236993	4.0
538338354514108417	2.0
537245231188824065	1.0
537244000227708928	1.0
539372750457303040	-4.0
537244643298390016	-5.0
538010997286789120	5.0
537959550234947585	-4.0
537952908617457664	5.0
539373951060021248	-2.0
539578367696453633	-3.0
539575995339407361	4.0
537244083883114496	-5.0
539432710830555137	-5.0
537988314049941504	1.0
539578144400105473	-4.0
539726065913315328	4.0
539487455377113088	-1.0
537653688580702208	0.0
538005620667187200	4.0
538011080967348224	1.0
538134052008886272	-3.0
539373335168421888	5.0
539439546602381312	0.0
538286751060885504	-1.0
538135323143073792	-3.0
537656740029136897	1.0
538005648613834752	-1.0
538049936663666689	5.0
537601974913740801	-4.0
539370741217914880	-4.0
539201049731792896	-1.0
539581608823902210	4.0
539208650146185217	-3.0
537959214577385473	3.0
539492013104967680	5.0
537656097163972608	3.0
539578646919667713	5.0
538051564930621440	-5.0
539438149089632257	-5.0
539367391655129088	-2.0
539725259453530112	-5.0
537241783999406080	-1.0
537596331687444480	-1.0
538334729708535808	4.0
538138963304005634	4.0
539578116566704128	-4.0
539487733757255680	4.0
539205050149908481	2.0
539725398758928385	-2.0
538052600458117121	-4.0
539373502907043840	5.0
539202113470201856	-2.0
538131158350200832	-4.0
539371410716909568	4.0
538135603968086016	-2.0
537244978855313408	4.0
537245623884722176	-4.0
539576385476775936	4.0
539581469161979904	-1.0
539370685366534144	2.0
538294352100212736	4.0
537958851325480960	0.0
539204966314176512	5.0
539581245525876736	3.0
538294016304230400	4.0
539574149715197952	-3.0
538132143604772866	2.0
538010520818053120	-4.0
538050926339440640	2.0
539437617872646145	-2.0
538008362131419137	1.0
539581105952014336	1.0
539200909436522496	5.0
537956138915205120	-2.0
539209208391278593	2.0
538335992424714240	2.0
538045518166122497	-3.0
537953828810018816	-5.0
538291298445570048	5.0
538006236156166144	0.0
538291326404788224	-2.0
537240581941260288	-2.0
538292028724232192	0.0
539201441932775424	0.0
538291270591201280	-4.0
538132816866074624	2.0
537952852803858432	0.0
539371633455419392	-5.0
538132958214111232	-1.0
539360668315820032	1.0
539208957534146560	0.0
539369568364687360	-5.0
537651279544459264	-4.0
538006096255156224	-4.0
539437115088846848	-4.0
538009005369884674	5.0
538336160410394624	5.0
539581301406564352	-3.0
538336665329479680	-4.0
538336805469577216	2.0
537598539766194176	-1.0
537953912213749760	-2.0
538337592346152960	-4.0
539370573848383488	5.0
539489129793601536	-4.0
539367587189383168	0.0
538290345751375873	-5.0
539209797376434176	-4.0
538336076260450306	1.0
537595214668791808	0.0
537654360231399424	5.0
538006012041920512	-3.0
538134164848263168	0.0
539577360644075520	-3.0
539207922702884865	-4.0
538046892786343938	-1.0
538006907643236352	1.0
539485273806352384	0.0
537244671198900224	0.0
537954078803120128	5.0
537656153136959488	4.0
538303703250268161	-4.0
537653465351483393	-3.0
539492768146784258	3.0
538338888050552832	-2.0
537653996769775616	-4.0
539581273506058240	0.0
538140026421264385	4.0
537955971512139776	-1.0
537598819069087744	-4.0
538136473875533824	2.0
537243327159369728	-4.0
537952796960899072	-2.0
539433484130189314	4.0
537657187649486848	0.0
538132479677562880	2.0
537243411087360000	-5.0
539206809937272832	0.0
539490247374278656	4.0
539578311866060800	3.0
538132901096095744	0.0
538132986085273600	4.0
538000996472209408	4.0
538289476540592128	3.0
537952880662437888	3.0
538010381021892609	4.0
538335824858087424	0.0
538050290415857664	4.0
537240861743284224	-5.0
538337760403521536	-4.0
539439211624271872	0.0
539487511362695168	2.0
537957590689652737	2.0
538004836600807424	-2.0
539369039597174784	2.0
539488404938174465	4.0
537247637104508928	0.0
539371522910343169	3.0
539368704094789632	-3.0
537959270877523968	-5.0
538332712772575232	-5.0
537246715418787840	1.0
538293262025752577	4.0
538000940465655812	-1.0
538001024527896576	0.0
538291045415796736	0.0
537955218315837440	2.0
538287879970377728	1.0
539488377499037696	0.0
539208566260117506	-1.0
538136781318012929	5.0
537593956486627328	5.0
538290541436624896	-2.0
539438931780317184	4.0
538007858290626561	-5.0
539488069649719296	4.0
539199703989358592	-3.0
538132422827991040	5.0
539208538292490240	-1.0
537597338563645440	5.0
539203624090353664	1.0
539434935439089664	-4.0
537654639609806848	-1.0
539576051245281280	-1.0
539575270483980288	3.0
539372888693153792	2.0
537653632620298244	-3.0
538005816214052864	-3.0
539200376994816001	-3.0
539577220772413440	-5.0
538047946873647104	1.0
537952238271201280	5.0
539489325608878080	2.0
537247776867094530	-5.0
539577416440881152	1.0
539201582077067264	0.0
537957785548648448	0.0
539578702884241408	3.0
537956835878526977	4.0
538334086671384577	-5.0
537599377876209664	-2.0
539440748916383744	1.0
539433567626215426	3.0
537248140936888320	-3.0
538334114555113472	-4.0
539577248815525888	-3.0
539201889595064320	-5.0
539725315300663297	-4.0
537653940834562048	-3.0
537951957521276928	-1.0
539440468871098369	-2.0
538333356531130369	2.0
537651614321246208	-3.0
538338915883950080	-3.0
538050640266932224	1.0
539200012526551040	0.0
538293234167205888	5.0
539485917292298241	0.0
538004781345038336	5.0
539206056220823553	0.0
538010577390813184	4.0
539582000676737024	4.0
539204042904567808	1.0
539437506731986945	-1.0
538331726062579712	-5.0
538050110241116160	0.0
538293876591980544	-3.0
538049579737161728	5.0
538134592629506048	1.0
537594180403740672	-2.0
539575743630815233	4.0
537989123449946112	-3.0
539204519297818624	0.0
538133098316431361	1.0
539485413665431552	4.0
538007438751203329	2.0
539436219726184448	-4.0
538333552333832192	-2.0
538133213785640961	-5.0
538047036340576256	-5.0
537956221983395842	0.0
537242655659683840	-1.0
537595410823806976	0.0
537596387488456705	-4.0
539580293938954240	2.0
539371578212225024	5.0
538133856545959937	1.0
539368619395010561	-5.0
538132255320047616	-2.0
539487232344989697	4.0
539577136932483074	5.0
538132450892075008	-3.0
539490275371266048	1.0
538048115065257985	-2.0
538332992771739649	-1.0
539490920123879424	-1.0
539488823915610112	5.0
539437479410274304	0.0
537242206114168832	-3.0
538046292325568512	2.0
537956863862923264	0.0
539486365013258241	-5.0
537659178974986240	1.0
538052777910759425	4.0
538006991487373312	4.0
539577949272670209	-4.0
539447468073562115	-4.0
539581944401764353	-4.0
538138069497831424	4.0
538001080538636288	-5.0
537657999423471617	-2.0
538335908660273152	0.0
538291829767426048	1.0
537952545831129088	0.0
539486756266319872	-4.0
539202841014177794	-3.0
537655480987189248	2.0
537958683020652544	3.0
537241699920396288	-4.0
538053827313029120	5.0
539575771581644800	5.0
538053683670712320	0.0
538338102176407553	-5.0
537595718115287040	3.0
539488125186473985	5.0
537653968676343808	0.0
539726121668202496	-3.0
538049083739762688	-3.0
538047150861864960	-4.0
539487929778069504	5.0
538053712305217536	-3.0
537954051481415681	2.0
539202392798298112	3.0
539503057281626113	2.0
539490892147875840	2.0
539579483658133504	0.0
537959690018504705	-2.0
537247916902330369	-4.0
537655201315168257	5.0
538136697452498944	5.0
538137508325122048	2.0
539200629244448768	0.0
537952741159866368	4.0
539492348439576576	5.0
537593788160815104	1.0
538334002663669760	-4.0
538052864195981312	5.0
539487344253239297	2.0
538052893514145792	-4.0
539370099594244096	-4.0
539725426667847680	-5.0
538135743903068160	4.0
539369763919908865	4.0
539486784238157824	5.0
538334841784508417	0.0
538052222702346240	-1.0
539486672539643904	-4.0
539490638895796225	-3.0
539576524102701059	-4.0
537247888909549569	5.0
537953187274452992	5.0
539435158215331840	2.0
538337676563599362	-3.0
538134416665903104	-1.0
537595046967906304	2.0
539492069182832640	2.0
539367475281166336	-2.0
539438707649286144	0.0
539486168996655107	0.0
539434323175550976	3.0
538008390073843712	-4.0
539199844284633088	1.0
537653182433099776	-5.0
539373895246413824	4.0
537257497854087169	4.0
537953995370037248	5.0
538338158178742272	0.0
537244055982600193	-4.0
537597617468088320	2.0
538136221080641536	2.0
538001611801784320	-2.0
539436360080584704	-4.0
537594292332929025	3.0
539373755928424448	1.0
539439071618404352	4.0
539210271643172864	5.0
539432847715893248	-1.0
538007606871486464	-1.0
538334589773967360	4.0
537246267962036224	0.0
538338720660082689	1.0
538134192773947392	2.0
538290625326891008	0.0
538006712578756608	-3.0
538005312255852544	3.0
538005900234330112	-4.0
538009341241339904	-4.0
537244195388686336	4.0
539435103534206976	-4.0
539371912976408577	2.0
538053103313223680	5.0
538001332226256898	-2.0
538001052407455744	0.0
538131103660642304	-1.0
538053071914672128	5.0
539372694647885825	5.0
537244363097911298	-5.0
537246743239618560	5.0
539579596061286402	1.0
539370545956265984	0.0
538050779824025600	4.0
537954356872876032	3.0
538333496092397568	-1.0
538311747749175296	-1.0
538048567504826368	4.0
539435018888941568	5.0
538336244313620480	0.0
539577192758644736	-3.0
538334226165551105	4.0
537599908707332096	-3.0
537653042423037952	4.0
538048427452801024	-1.0
538336496504537090	0.0
537246016551288834	2.0
539437087125426176	5.0
539434099073875968	5.0
539199928661458944	-2.0
538006935568928769	4.0
538048171067600897	0.0
539208510287147009	1.0
538048058811248641	-3.0
539205022236827648	-1.0
537958206770020352	1.0
537653521295110145	-4.0
538007634797146112	4.0
538134620722954240	5.0
538046228656029696	5.0
538134388752805888	-4.0
537651419151859713	5.0
538337003944046592	-4.0
539206419774717952	-2.0
537956752286023680	-3.0
538050954571300865	0.0
537599098564931584	4.0
537596415602872320	2.0
539371467184832512	-4.0
538286838289805312	1.0
539575576894652416	0.0
537658252889440256	-3.0
538008753841664000	1.0
537958823034896384	-4.0
539202616920920064	-4.0
537244307192037377	1.0
537240414273957888	-5.0
538288499041243136	1.0
539582056674914304	5.0
537955080189009920	0.0
539360584236802048	0.0
537959326712070145	3.0
539210019800379394	2.0
539487176300703744	3.0
539385293665624064	-3.0
538337284652019713	4.0
537651029618458626	-5.0
539208845617537024	-5.0
537240498248101888	5.0
539433288772124674	5.0
539366916658585601	1.0
538046323321479168	4.0
537955525217247232	2.0
538286636711575552	5.0
539369456938799104	3.0
538293373820755968	1.0
537658786304241665	-5.0
537243103368056832	-1.0
539725954340622336	4.0
537951678017069056	-3.0
537243860481875968	0.0
538010184824922112	5.0
537657299964530688	5.0
538293709562191872	5.0
538137761342320641	0.0
538131130986545153	5.0
538000548419870720	-5.0
537956444529000448	2.0
538005732416028672	-1.0
537953159344574464	1.0
538331612212363264	0.0
539576774422986752	-4.0
539209041562841088	0.0
537655257082634240	5.0
538288582776356864	0.0
537952629461372928	0.0
538006403831828481	-3.0
537245482826104833	-3.0
539486197027176448	-1.0
539369540241858561	3.0
538135407826067456	2.0
539432903231680512	2.0
538132563987288064	4.0
539435716963753984	1.0
539574290581311488	3.0
538010324637851649	-1.0
537598511760830464	-4.0
537243972285267968	-1.0
538292533798125568	-4.0
538135547756412929	0.0
537600020720410624	5.0
537651558474088449	-1.0
537652986491961344	-5.0
539391501726273536	4.0
539204826643828736	-2.0
539491900030713857	0.0
539726428158586880	-5.0
538048483870400512	-5.0
537600913440243712	-1.0
539373727998566400	-5.0
539486337590898688	0.0
539372555447308288	-4.0
538132087690493952	-3.0
538289757546369024	0.0
538335573094989824	4.0
539368788228337664	2.0
539574934520225792	4.0
537958094241009665	5.0
537241588087672832	0.0
539581329361625090	2.0
539438400982769664	0.0
539373028518662144	-2.0
538291606517207040	4.0
537954328964005888	5.0
538292786593021953	0.0
539486028965629952	2.0
539372806300262401	3.0
538337087842697217	3.0
539577837590966272	2.0
537953243566206976	-3.0
537651782818996224	2.0
539437170940186624	-4.0
539200068629569536	-2.0
537653660613091328	-2.0
539492572360888321	-5.0
538291101216808960	4.0
538133014199672832	-5.0
538335601083568128	5.0
539576162444656640	3.0
539438512605786112	4.0
537654108606726144	2.0
539579846712889345	-4.0
538049315579895810	-1.0
537654472009596928	-5.0
539724924693520384	-5.0
538331670253166592	-5.0
537952824873979905	3.0
537601779077509120	0.0
537600550528110592	-5.0
538136501813796865	-1.0
538048226990247937	0.0
537599433849200640	-5.0
539434406944202753	-3.0
539201777137356800	-1.0
537652679590555648	0.0
538133549170561024	-2.0
539204463370964993	-3.0
538053740298010624	5.0
539574879037964288	5.0
537651447081730048	4.0
537246464142233600	0.0
538334561839890433	5.0
539488460416249856	5.0
538334450078474240	5.0
537247497232855040	0.0
537248950202273793	2.0
538135351051964416	3.0
537242431243427840	-1.0
537594096584757248	-1.0
538051404557197313	0.0
537241504100933632	-4.0
537593843940859904	5.0
538335880621326336	-1.0
539486728344838145	-2.0
537597897416933376	-4.0
538052532078399488	3.0
539491985145729025	-1.0
538288917439868928	3.0
539367335900217344	1.0
538137032951095297	4.0
537655397130452992	-4.0
538049410568302592	1.0
538293653081710592	-4.0
539367950323834880	4.0
539491702797774849	-5.0
539574711009947648	2.0
537247385685356544	0.0
538333636014379008	0.0
538291466452619264	-5.0
537598204125409280	4.0
539440413296562176	-2.0
538133325614153728	0.0
539492712270278657	-1.0
538046411565441024	0.0
539434824713646080	-1.0
538049793126596609	-3.0
539203063517839360	4.0
538048849571762177	5.0
538047693676105728	0.0
537601835134361600	2.0
539370434412941312	4.0
537654332284760064	0.0
538334701837373440	0.0
537955748224172032	5.0
537245567047704576	2.0
537595857676554240	-2.0
539202560687874048	0.0
537951845709144066	-3.0
538134276924272640	-5.0
537599294619287552	0.0
537654024729010177	5.0
538049438934372353	-5.0
538005200435687424	-1.0
538133493373747201	-1.0
539370267018276864	0.0
539575298397048832	0.0
539725814615789568	3.0
538288159306817536	-5.0
539485078330822658	5.0
537599964646760449	-4.0
539573874409873409	-3.0
538011277252370432	-1.0
538336608823828480	-5.0
538053454800101376	-3.0
538133744948097024	5.0
539492264742252544	-5.0
539580769325580288	-1.0
538139189674799104	1.0
538007578929037312	5.0
539201749232668672	0.0
538332259410268160	-1.0
537659067108704256	-2.0
538294380579532800	3.0
537246938819985408	-1.0
539208929277132800	0.0
537657719663394817	-5.0
538050052456194048	2.0
539485637121159169	5.0
538010633275711488	4.0
539581497062469632	-4.0
538338972444143616	-3.0
537651503092465664	-5.0
538337704493461504	0.0
539574458441564160	-5.0
539200293612040192	-2.0
538007914146168834	-4.0
538046649780932608	0.0
538337115697057793	0.0
538292701880651776	-4.0
538005844198445058	4.0
538135715968974849	5.0
537653437463547904	-3.0
538138097461243905	-2.0
539200348976840704	2.0
539209881245745152	-4.0
539432820457091072	0.0
538049612360470528	3.0
539202700995727360	4.0
539487539372228608	0.0
538292729907003392	-3.0
537273086727303168	2.0
538293122217017344	-5.0
539435912451858433	0.0
539209545638481920	-5.0
539202813046566912	1.0
538289870452838400	-2.0
538289729712971777	3.0
539199872097071104	0.0
539440385421238272	3.0
537600104551956480	-3.0
538008669976530944	-4.0
539436051732123648	-4.0
538293569380175872	-4.0
539581385301041152	5.0
538049964728147969	-4.0
539208315021299713	0.0
537246407988899840	0.0
537957254537175040	0.0
537596611258748928	0.0
537654080727158785	2.0
538335964532584448	0.0
537954580483805186	-5.0
538136921072238592	4.0
539486616994459648	-4.0
539487400108781568	4.0
539437143031304192	0.0
538287034042179584	1.0
538053543417360385	5.0
537245820824084480	5.0
537594348234637312	0.0
539440861105651712	-3.0
539488879611752449	4.0
538135043303305216	-4.0
537951873740066816	1.0
539372443945930752	1.0
538333104717692928	0.0
539577053126098944	-1.0
538138795863191552	4.0
537954635768934400	-2.0
538136249081819137	3.0
538051651522019328	-5.0
537596920110530560	1.0
537650974786326529	1.0
537595186751492096	0.0
538005480317403136	-3.0
539440022114811904	5.0
539489939835351041	-4.0
537657159694442496	-3.0
538337732456886272	-1.0
538293178311651329	0.0
539367978245312512	3.0
538011108888809472	0.0
538045903937224704	3.0
538290038573113345	-2.0
539440552694255618	5.0
538133465456472064	-4.0
539439155546456065	5.0
539439854153912320	4.0
539368145669357568	0.0
538053391331913728	-3.0
538137677674319872	1.0
538010745322352640	-2.0
538131021624254464	4.0
538000244194430976	-4.0
537652427840040961	4.0
538045156201467904	-4.0
539435353393094656	-3.0
539370043839373312	0.0
539203147286450176	2.0
538287514466123776	-4.0
538052443020750848	-5.0
539205777677090816	-1.0
539580238066630656	1.0
539207866696347648	0.0
539490079686029312	-3.0
538048933684338688	0.0
537240889656348673	-4.0
537952070188675073	4.0
539433260796092418	0.0
539205972146008064	-4.0
538010240793706496	1.0
539369959886188544	4.0
537958402539139072	5.0
539490303330516993	5.0
538133968303169536	-1.0
538294410740789248	-4.0
538053599792996353	0.0
537656013084975105	-3.0
539725786786594816	-4.0
537658478119374849	0.0
539580014187282432	3.0
538334058594729984	-5.0
538332035073720320	-1.0
539369234418368513	-2.0
537656824007512064	-3.0
538287317673586689	-5.0
538001388102774785	-5.0
538333663998775296	1.0
538288131368570881	5.0
539576496801980416	-5.0
537653324976496640	-1.0
539199452284993536	0.0
539372276542873601	-3.0
539372304414015488	-2.0
539201553971036160	0.0
538287261927084032	0.0
537956332687884288	2.0
538008082765606912	0.0
539578088540348418	-4.0
539368090006740992	5.0
539433205481623553	-4.0
538291017418813441	1.0
538292337240440832	4.0
539199200203120640	2.0
537241728026423296	0.0
539373279551975424	4.0
538050346602733569	-3.0
539440217225461760	4.0
537259744767918080	-1.0
539484885199892481	3.0
538053159667916801	2.0
539725231565570048	5.0
537245792554475520	2.0
537655229215670272	-3.0
539201833567551488	-5.0
538045696562442240	5.0
537597031402205184	2.0
538293345853124608	4.0
539485861210243072	-4.0
538046535326765056	4.0
539199144246931456	-4.0
539726706266112000	0.0
538043603994415104	-1.0
539489409704677376	0.0
538335206315655168	5.0
539205888113115136	-1.0
538336356771307521	3.0
539369736048746497	3.0
539439434996154371	-5.0
539579623982772224	-2.0
537612566642454528	-5.0
538051623596343296	5.0
538054052433887232	5.0
539210411372208128	5.0
538009931799343104	-3.0
537241532035006464	1.0
537957394241048576	2.0
539368591477714944	0.0
537601053433540608	-2.0
539209347390513153	0.0
539437701700026369	4.0
539491479014899712	-1.0
537658758412111873	3.0
538015832102539264	0.0
537248252589248512	0.0
537243748514922496	4.0
537596892293922816	-1.0
539198559527391232	-5.0
538049379811471360	5.0
537247749042094081	1.0
538286520307048449	2.0
537247274066518016	4.0
538288805800062976	0.0
538045574969569280	5.0
539438177153736704	0.0
537952378138681344	2.0
537951318456143872	5.0
537596471588454400	4.0
537954412900401152	5.0
539578256169906176	1.0
539492152964042756	0.0
537599545598042112	-5.0
537245006785159168	1.0
539202364918747137	-1.0
539577527631880192	-3.0
539438987367440384	5.0
539435325421260800	-3.0
538005536449765376	0.0
537652958331428864	0.0
538287006145859584	0.0
539576969873338368	5.0
538337424334917632	0.0
537243075102658561	5.0
537244727285125120	2.0
539373586604359680	-1.0
538334953541742592	-4.0
538047353698385921	3.0
537244446891720705	3.0
539485973030371329	0.0
539208007130034176	1.0
538289364019994624	-4.0
539440664627642368	5.0
538287824270032896	4.0
537243944439271425	4.0
539490443147624448	-5.0
537600997628342272	0.0
539367140303056896	5.0
538049143240142848	-5.0
539435075512061952	5.0
537957338339377152	4.0
539374006865231872	5.0
537242459198484480	2.0
537243271236694016	0.0
539203484193935360	0.0
539491115171586048	2.0
539485385559375872	-4.0
538051820523114496	0.0
539360278828572672	-2.0
539575911000334337	-4.0
537240134794903552	-5.0
537656963824640000	-1.0
539726010066161664	5.0
537599126780018688	0.0
539492180910698496	-1.0
537240247202234370	0.0
537597255394807809	4.0
539367000364314624	-5.0
537598092452044802	-2.0
538332203420483584	3.0
539579707105492992	-3.0
537959131232346112	0.0
538331978458992640	5.0
539578814259793920	0.0
539489074495913984	-5.0
539581664662654977	0.0
539491814638891008	0.0
538052359197577217	2.0
538005004511379456	5.0
538136277011673088	-5.0
538135995326418945	4.0
538292617524838400	-5.0
538292421650817024	-1.0
537597785298980864	1.0
537958374588305409	-3.0
538006319941582849	1.0
537651726091038720	4.0
539205609812688898	2.0
539436639605755904	0.0
538287739167576064	3.0
537247106365685760	2.0
539489102526447616	2.0
538137536364032000	5.0
538131634403672064	-5.0
538141997517651969	5.0
537655089314672642	5.0
537242373735342080	2.0
538008026352214016	0.0
537240442191233024	-3.0
539724842065731584	4.0
538290289845473280	-5.0
538286866395852800	-4.0
538336188458094592	-5.0
538051432629686272	5.0
539201244934709249	0.0
537240386419580928	-3.0
539440050044698625	-1.0
537596025100599296	-5.0
539580182190116865	-4.0
539371214893248512	-2.0
539210299564621826	0.0
537245426895036416	-5.0
539488209080946688	-5.0
538336833370075136	3.0
539202924375965700	-2.0
538139133680840704	-1.0
538289842653003776	0.0
539369262348263424	-5.0
539581413239291904	-3.0
538333384461017089	4.0
537245764666544128	0.0
539488712330330113	-4.0
537246882800873472	2.0
538005564413210624	-4.0
537246799141281792	5.0
539369401188093953	2.0
539366612105953280	0.0
537956500304838656	5.0
538296973292339201	0.0
537656432041398275	-4.0
538289084935188480	-5.0
538338270560940032	-5.0
539487817710436352	5.0
539205329578639361	-4.0
538007550831386624	1.0
539367447355490304	-1.0
538137424678121472	-2.0
537241196796850177	0.0
539200181049524224	-3.0
538288554909384704	-5.0
539487092238471169	-2.0
537666557724217344	0.0
538331810963673088	-2.0
539203289066532864	4.0
537952181929148417	5.0
539370601740521472	-3.0
538054108209774593	4.0
539369820211654656	-4.0
537246826962116608	3.0
537240777764929536	1.0
539440804851634176	5.0
539437395696177152	1.0
537954775380549633	3.0
537656320108027904	4.0
537244111842340864	2.0
539438120870367232	-2.0
539198948792336384	-3.0
537651391226216448	5.0
539437981040652288	-3.0
537242963244761088	-3.0
538050550135541760	2.0
537657663585533952	2.0
537957282483802112	-1.0
537244475001942016	0.0
539579540188975104	5.0
538137256511688704	-1.0
537594683657306112	1.0
537245539126222848	1.0
538135967375564800	-5.0
538010296682807296	-4.0
538045639503130624	0.0
539725982190825472	-3.0
538337396296003584	0.0
539202001461342209	5.0
538289168640921600	-3.0
538332485541978112	5.0
539440273500413952	3.0
539360500384288768	-1.0
539368955744649216	4.0
537247832928190465	-4.0
538132171543027712	5.0
537956278090629120	5.0
538286464837361664	-5.0
538048199035191296	2.0
537958654969126912	0.0
538293290052100096	-2.0
537600717868244993	0.0
537953215443398656	1.0
537658083569590272	0.0
537595661924200448	-2.0
537957450348236800	-2.0
539209713540694016	5.0
537658899110039553	0.0
539433763806388224	0.0
537656041224552448	4.0
539436303834959873	-1.0
538335094566817792	-2.0
537601499212550144	-4.0
538137649585090561	1.0
537599182765584384	1.0
537601695313059840	1.0
537654977301585921	-2.0
537654807327436800	-1.0
537952209842221056	-2.0
539368173620199425	-4.0
538332600751116288	-4.0
539366557387083776	-3.0
538007466907533312	3.0
538010015949684736	5.0
539492740233723904	1.0
539438344972017664	-4.0
539209657685135360	5.0
539200937211232257	4.0
537657019805990913	-2.0
539577081022382081	-1.0
539490359278329856	-4.0
539368900006522880	2.0
537651698152775680	0.0
537656236926578688	5.0
538335657362735105	4.0
537957087234772992	2.0
539370852455034880	-1.0
539486000918323200	-5.0
539580154268631040	5.0
538131521925025792	-3.0
537956083101605888	2.0
538293317923246080	5.0
539433987757076480	-2.0
539726734443429888	0.0
539440720638398465	0.0
539436835198738432	4.0
539438205129748480	3.0
537239969577050112	-2.0
538053010874970112	-1.0
539205805573414912	5.0
537956111014719490	4.0
537955274171355136	1.0
537595494852472832	-2.0
539437729743114240	5.0
539371885092687872	5.0
538134676540772352	-5.0
537954273070698496	-4.0
538053883697037313	0.0
538137593561759745	2.0
539580070055391232	1.0
537651195645804544	0.0
538136613524881408	0.0
539438735545630720	0.0
539576023290216448	1.0
537961327373742080	-1.0
539440608709193728	-3.0
537242122047733760	-5.0
537654219936104449	-1.0
539725092599918592	5.0
537954496698413056	-4.0
538050081619181568	2.0
539210047784751104	1.0
538333806709989376	-3.0
539206447624880128	4.0
539367056345677825	0.0
539490051609362432	3.0
538000464412172289	5.0
537240303091347456	0.0
539724869974630401	0.0
538010605337460737	5.0
539366639431868416	3.0
537601248237998080	-4.0
538009426545115137	-3.0
539200545110900738	5.0
539726149757444096	1.0
537955720260767744	-4.0
537244866947084288	-4.0
539487483269218305	2.0
538008949489147904	4.0
537651810941825024	0.0
539370183291592704	0.0
538332006405668864	-3.0
537954162009718785	4.0
539436694815399936	-1.0
539198614531473408	-5.0
538139105709002753	3.0
539485721514754048	-4.0
539208622082097152	4.0
538133828720922624	-5.0
539574682912313344	5.0
538291914408493057	5.0
539200601138397184	1.0
539380664198365185	-3.0
538133800833003520	5.0
538294634381066241	1.0
539439714299019264	0.0
539491507183824897	-3.0
538134530176327682	2.0
539368507641978881	4.0
539491870750306304	2.0
539485329682882562	4.0
539577809732399105	3.0
538011193034940416	5.0
538001639752597504	-3.0
537958150083973120	5.0
538135632007421954	-1.0
537240665932193792	-5.0
539488990785986561	3.0
539492376423964672	3.0
537659038897811456	-3.0
538045490278191104	5.0
537656515948462083	1.0
538050144064008192	-5.0
538007746638282752	5.0
539581217621164032	5.0
539581888495898624	3.0
539574598912991232	-3.0
538291662364360704	5.0
539199060511842305	0.0
539435829064916992	-3.0
537241982268362753	-1.0
538292477623795713	1.0
538333974683471873	1.0
537595885551902720	-2.0
537652006639665154	-4.0
539726289541033984	-2.0
538287795069267969	-5.0
538134957353615360	-5.0
537654191968497666	-4.0
539578005165973504	-4.0
539368340897406976	4.0
538332513408937986	5.0
537241812206108672	4.0
539440133905584129	2.0
537654304023535616	4.0
538290569358102528	0.0
537598567763181568	0.0
538047467108204545	0.0
539488935379226627	4.0
538332908482994176	2.0
537599070622478336	1.0
539494489224536066	-4.0
539367251993194496	-5.0
537247134501076992	1.0
539578228147748864	4.0
537652567711678464	4.0
537652146624561152	-5.0
537650892129198080	-1.0
538138879375986688	0.0
539376338788810752	-4.0
537953411237707776	3.0
539578758844657665	1.0
538047207724040192	4.0
539491591095083009	3.0
537597477718085632	-5.0
539373783778594816	0.0
537246687434399744	3.0
537658365330333697	-3.0
537247944978993152	5.0
537242571098308608	5.0
537656543895113728	-1.0
537651866826731520	0.0
538131802448486400	-4.0
537245342975406080	5.0
539209378256408576	-1.0
538136445610123264	-2.0
538047974799335424	0.0
537244950707314689	-4.0
537954997095641088	-4.0
539374118450520064	1.0
538288833792856064	-4.0
539574543577518080	-5.0
539439798143188992	-4.0
537246436023611392	5.0
538004698713063424	-4.0
538156016118943745	5.0
538009482471956485	2.0
539485134391881729	0.0
539434852752584704	-4.0
538331838872559616	5.0
539726846162911232	5.0
538333020852604928	4.0
539725148392546304	5.0
538047008410710016	0.0
537655033320710145	2.0
537654835533713409	1.0
537243441328304128	0.0
538045815764574210	-1.0
538049821232615427	4.0
538134305101586432	0.0
539576134477041665	-2.0
539580461941788672	-3.0
538331950495563776	-3.0
539438373061283841	0.0
539579372068675584	5.0
537652762801348608	-2.0
537953745997672448	5.0
538134444633489408	5.0
537951427881357312	-4.0
537655788689711104	-2.0
537655340998098944	-1.0
539577726349623297	-1.0
539578535380529152	5.0
538049226992009217	5.0
539368285163491328	4.0
539206866128363520	-4.0
539582028724068352	5.0
539438429151711232	2.0
538049765154770944	4.0
538292926670196736	2.0
539204742560624640	0.0
537952713267769346	4.0
539367279952420864	5.0
539486868442996736	5.0
537597366023770112	-4.0
538292898396381184	2.0
538133772982829056	-4.0
539360862814105600	5.0
538132339009015808	-3.0
537651670277447682	-4.0
538133353556627456	5.0
539368424569602048	2.0
537245370846576641	1.0
539486112805572608	-5.0
539580210115796992	2.0
538139329982660610	-1.0
539577698302296066	5.0
538337340486590465	-4.0
538010212675117057	1.0
538006208222101504	-4.0
537594208354598912	0.0
537243832552001536	-4.0
538010773201903616	-1.0
538288694218989568	-5.0
537246659466768386	0.0
537240470163058689	-1.0
539575046407462913	-4.0
538007243187576832	0.0
537656767950626817	-1.0
539206084293300225	4.0
537952657324142592	-4.0
539201805201444864	0.0
539371354831978496	-4.0
537595466897428480	-4.0
538292393641263104	5.0
539367084359438336	0.0
538138432661651457	5.0
539204491321802752	-4.0
539578898011684865	-5.0
538010100401975296	5.0
538046047613120515	5.0
539199760235003904	5.0
539575882990776321	-4.0
537651754897522688	-2.0
537245876763500544	4.0
539581804450443264	-1.0
539492208769245184	0.0
538135855727382528	4.0
538031889299152896	5.0
537651530527412224	-4.0
539208705896890369	2.0
537242767345594368	-4.0
537657831676448768	5.0
537656181083602945	0.0
537593984592277504	3.0
539575493646094336	5.0
537955608939749376	0.0
537594515872571392	0.0
538291494369918976	-1.0
539432683508883456	5.0
538009903928197120	2.0
539199368134668288	0.0
538053968216481793	-4.0
539574178236874752	5.0
537959466390806528	4.0
539490779983802368	5.0
539374174733873153	3.0
539210075702050817	5.0
539432626004971521	4.0
537954663702986752	5.0
537956027350925313	4.0
539209320039456768	-2.0
537598623580979200	1.0
537600188354150401	-4.0
539492404282523648	1.0
537656684081340416	3.0
537245062732992512	-1.0
537594711524257792	-4.0
538136417566990336	5.0
538290821565800448	5.0
538001667674099712	-1.0
538137284420587521	-5.0
539372248667549696	0.0
538048511728951296	1.0
537594599897038848	-5.0
537667307439284224	0.0
537657803629137920	-4.0
539367503345250306	2.0
539368732058198016	5.0
538047381590536193	5.0
538332429594152961	0.0
539433316806836224	2.0
539440833091887104	-4.0
539199032699416577	-1.0
538336693414547456	-4.0
537595913473372160	2.0
539578618838806528	2.0
539437227546542080	1.0
539579455791198208	4.0
537601388172554240	-4.0
538045610226888705	-3.0
537653744457248768	2.0
539503890165530624	-5.0
537651894798516224	3.0
537953773331968000	2.0
538006124205981696	5.0
539574486350462976	0.0
538008641803390976	4.0
539580126296834049	-1.0
539575465640738817	0.0
538287145551921152	5.0
537594376164507649	5.0
538139218531590144	0.0
539200209243607041	3.0
539440189308166146	5.0
537599768999260160	2.0
539455509716160513	-3.0
539200096609767424	1.0
537655704942047233	3.0
538136053019082752	5.0
538331642289750016	-5.0
539369680092528641	4.0
538289701623726080	-1.0
538333160581648384	5.0
537241842337980416	5.0
539435269733494784	-4.0
538337368319987713	-1.0
538131048983715840	0.0
537600578436993024	3.0
538048623687499776	0.0
537244699254587393	5.0
539437198475808769	0.0
538160494549291008	-2.0
538009257363648512	-4.0
537595997166526464	-4.0
539433791748849664	-1.0
538130994080272385	1.0
538292449660391425	0.0
537599266735525888	0.0
538294606417649664	-4.0
538008194522812416	4.0
537956584161550336	1.0
538005508410859520	-3.0
538000744436486144	-5.0
537247162481274881	-4.0
539205413733142528	4.0
538046921001406466	-4.0
539726233643548672	-1.0
537952964435271680	0.0
537247329838170112	3.0
537246323884711936	4.0
538006459637071872	0.0
537654500149186560	-1.0
539209992478679041	-4.0
537952406214938625	-1.0
537600634271580160	-5.0
539367559385325568	4.0
539487789633781760	3.0
538287627594911744	0.0
537658674425376768	-1.0
537654779359821824	-2.0
538006515576492032	0.0
538332147367829505	1.0
539487594640572417	-2.0
538336947505487872	5.0
539439239558348800	0.0
538333244148961280	4.0
538290066444275712	0.0
539575018389512193	-4.0
538333412277624833	2.0
539493104064405504	-3.0
539579790798626817	1.0
537240805870927872	-4.0
539202896408367104	4.0
538053131503169536	0.0
539199956733923328	0.0
539374034732191744	5.0
537653549283696640	5.0
537247022555074560	-1.0
537959075238408193	1.0
538136948918222848	-2.0
537959522305064961	1.0
537959634125197313	-1.0
537601583392227328	-2.0
539492935591788544	2.0
538131718356865024	0.0
538011136973881345	-1.0
539370824231559168	-2.0
538001444155432960	-1.0
537598902850314240	5.0
538047750970277888	5.0
537599629375066112	5.0
539210355424366592	-3.0
539576246414618625	0.0
539370071697936384	5.0
537651084832284673	-2.0
539578842193879040	4.0
537593816048750592	5.0
537596555315134464	-4.0
539203763995963392	1.0
538135827734601728	4.0
537243720492789760	-4.0
537951622052458498	4.0
539366832810262528	-3.0
537245960767037440	-5.0
539208342926020608	3.0
539372861463728128	5.0
538291970192736256	5.0
538009819945631746	-4.0
539489353559732225	5.0
537954134071447552	0.0
538052748751929344	0.0
538054136143822849	-1.0
538007382828548096	-3.0
539490975882956802	-1.0
538133185746726912	-3.0
537959578198347776	0.0
539489744494010368	-2.0
537957366374088705	-4.0
538048539570757632	0.0
539439379195101184	5.0
538160889682075650	1.0
538134474425647105	-5.0
538052133997002752	3.0
539199619964866562	-3.0
539440524873453568	-5.0
539575687515209728	-2.0
538336777401282561	-3.0
537653296895627265	4.0
539439183514075136	-1.0
538000689012940800	-2.0
539439127696269312	-3.0
539493076147126273	0.0
537594571950411776	4.0
538138907280683008	3.0
537958963527319552	1.0
537243019112894464	-2.0
537594487976239105	2.0
537954468755931137	5.0
539578981285392385	5.0
539488544457498624	0.0
537959019294781441	-1.0
537245680138747905	0.0
538133689021259776	-2.0
539440161202139136	4.0
539581133852532736	5.0
538288777849212928	-3.0
539205860841771009	-5.0
538007802472857600	-3.0
539202252951797761	1.0
537598036592324608	-1.0
537953633967808512	-2.0
538294494589124608	4.0
537953718009077760	1.0
539208482336292864	5.0
538007271138418688	-2.0
538336384688603136	-3.0
538053515537825793	5.0
537953131855110145	-4.0
539203652226121728	-5.0
539206531452260352	4.0
538008698061590528	0.0
539576802264748033	5.0
537245454850097153	0.0
539367922326851584	-2.0
538131891325767680	-4.0
538049018686107648	1.0
539489967756812288	-3.0
538049642915971073	1.0
539725898455719936	-3.0
538008501923364865	5.0
539436191566020608	0.0
539485749591441408	3.0
537653409370087424	3.0
539203119285293057	-1.0
537655620888199168	-3.0
539208230938116097	0.0
539205469987151872	5.0
538051904560189440	-5.0
538291886466035715	-2.0
537246771203022849	0.0
538001220271898624	0.0
539199536208834560	1.0
538051038818086913	0.0
539724785891442688	5.0
538335685263245312	1.0
537654863728214016	-1.0
538001164449894400	-4.0
538293457685860352	4.0
538135688055885824	0.0
537597533695266816	4.0
539360640398524417	-4.0
538138292940984320	0.0
537244279262167040	5.0
539576886163415041	5.0
538332684771397632	-3.0
539201469908811776	2.0
537600522602438656	4.0
539576551978061824	-4.0
537955302038327296	-1.0
537596443570503680	-3.0
538053770710904832	-1.0
539440889131982849	3.0
537594264369520640	-4.0
538007075595763712	0.0
539360723659673600	-4.0
539492236661358592	-5.0
539205385585164288	5.0
538334170339373057	3.0
537653828431388673	-5.0
538288889459662848	1.0
538335377921417216	1.0
539578674899857408	-5.0
538009510653472768	-4.0
539200853396447233	-2.0
538052949436796928	3.0
537958514438995968	-2.0
539200432313495553	5.0
538333076557168640	-2.0
539367754831523840	5.0
537593498263097344	5.0
538008166563586048	-1.0
538138320799563776	-4.0
537656656168247296	-2.0
538005228432654336	3.0
538287234005602304	2.0
539581972352598016	4.0
537261298463936512	5.0
538332401668456448	0.0
539373307347615744	3.0
537959242771468288	5.0
537599796987822080	0.0
537655564982296576	0.0
539369624232800256	1.0
539577164866519042	5.0
539438791506010114	4.0
538139357950267393	4.0
538290429436112896	4.0
539438903913369600	-2.0
537247050535305216	-3.0
538294099938672640	5.0
538131242248863744	0.0
537597841238392833	-3.0
537955664862396416	-5.0
537954913972928512	3.0
537954857995763712	-5.0
539369931914375169	5.0
539434990879395840	-1.0
539199592022409217	0.0
537659262810742785	-1.0
539395854008737792	-3.0
539579316724838401	-3.0
539368229400215552	-1.0
539580937030631424	5.0
539725648445849600	-3.0
539726818178531328	-1.0
537652623646945280	-5.0
537243804441788416	3.0
538289533180444672	5.0
539574626788343809	2.0
539370629544558592	0.0
539438485326004225	-4.0
537654164533559296	-2.0
538291129218007040	3.0
539198751924305920	-5.0
539488097109815296	0.0
539487372204056576	1.0
538337988976328704	3.0
537957646465519616	-1.0
537240162724741120	3.0
537242851386880001	-1.0
538338438245015552	-4.0
538135883598536704	-4.0
538139019151155200	5.0
539370211162722304	0.0
538000716313657345	0.0
537953940139409409	-4.0
537248028814753792	3.0
539725120504623105	-2.0
538010689156435969	5.0
539580489854906368	-4.0
539199788341010432	-5.0
539726344297656320	-1.0
538053855255494656	-5.0
538136304899616768	5.0
538335796953354240	5.0
539580964406837248	-3.0
537595130870771712	5.0
537951705875611648	-1.0
537655061317709825	0.0
537957981988880384	-5.0
537597199455387649	0.0
538005592364052480	0.0
537655312980148224	5.0
538046565550944256	-3.0
538292505838903296	5.0
539434712692178944	4.0
537953271470903297	5.0
539370880347148288	0.0
538289308105707520	5.0
539574514439708672	-4.0
538338804479037440	-2.0
538045934731812866	3.0
537953020185960449	4.0
538004754014957568	5.0
538335010609430528	-3.0
538006656635113473	4.0
539366666938114048	-1.0
539433067619024896	4.0
537654052671475712	2.0
539490864259956736	5.0
538292561727995904	-2.0
538288471044268032	1.0
538049993098424320	0.0
539432958189662209	2.0
537957898216038400	4.0
538338074284281857	-2.0
537599517672366081	2.0
537654921374728192	4.0
538022149290590208	1.0
538135519562309632	-1.0
537957757664915456	-3.0
538053306271432705	3.0
539488600338219008	0.0
537658422133800960	-4.0
538007774559735808	5.0
539490526954004480	4.0
537598399718375424	5.0
537599489708941312	2.0
539487428034449408	5.0
537656069200568320	0.0
537247413606809601	-4.0
539200124837457920	-1.0
539486812272869377	3.0
538048595476627457	-3.0
538137088911474688	-4.0
537247078465171456	-1.0
538134558089428993	-4.0
539434601207582720	-3.0
537655369116700672	-3.0
537596947545485312	-4.0
537951538166398977	-4.0
539725842570825728	0.0
537598259725074432	0.0
539575186258153474	-4.0
538050896819941377	-3.0
539374146539753472	-2.0
539724621617303552	1.0
537597589525655552	5.0
539199675950452736	-1.0
539579427966160896	-4.0
538290709770813440	5.0
538133660940394496	-4.0
538006740496023553	2.0
539724897292156928	5.0
537242907288543233	-5.0
537955441251467264	0.0
539209125205651456	3.0
537594739559002113	5.0
538132199527424000	3.0
539485609023504385	5.0
537954969237061633	-4.0
538287907732475904	0.0
539368312984305664	-3.0
537653070466125826	0.0
538336020404895744	0.0
539487260308430848	0.0
539369512966324224	-5.0
538004534556389376	4.0
537657355853660160	0.0
537596667017854977	0.0
538142580026777600	-2.0
537598651523432448	0.0
539435661674414080	-5.0
538286299816673280	5.0
537244167517528064	-3.0
537245398919036928	-4.0
539372471800320000	1.0
538335740951031808	5.0
539492879774003201	1.0
539491143080476672	-2.0
539489549471457280	4.0
538131975677440001	-2.0
537598148366303232	5.0
539371801072394241	0.0
539368648159559680	4.0
537247665235705856	-3.0
538138544787972096	-2.0
537596696650584066	5.0
537652930313482240	-5.0
538134248822427649	0.0
538290261978546177	-4.0
538288075408179200	-2.0
539199424325754880	0.0
537952322232811521	4.0
539488684270444545	4.0
539369317511753728	-4.0
538290961533911040	0.0
539726483322073090	-5.0
539575074379276288	3.0
538050262548881408	5.0
538001248168198144	-2.0
539435521274298369	-5.0
538288443202469888	0.0
538293960444502016	0.0
537953299409170432	-1.0
537959187268259840	-2.0
537242289765371906	-1.0
539372192459665408	1.0
539367866433544193	-4.0
537953075965997056	5.0
538290933616627713	1.0
539726511419715584	4.0
538336104408432640	-2.0
539440077966172162	-3.0
538289001112010754	-4.0
538000380962308096	-3.0
539492907708076032	0.0
538046707519721472	5.0
537958599105196033	-1.0
538164694570127360	3.0
537247301979619328	0.0
537654276118831104	-4.0
537240191090823168	0.0
538049494869618688	5.0
538131746504466432	3.0
538047179739627520	-1.0
538005144395595776	0.0
537955497299959808	5.0
539371940830806017	0.0
537654136461082624	0.0
539578507358380032	5.0
539360445346627584	1.0
539373614710390784	5.0
537952266280783872	0.0
539208398626357248	-1.0
539435884538781696	5.0
537654667569016832	1.0
537598315873832960	1.0
538138181183741953	0.0
539579902484561920	1.0
539576691182817280	4.0
537598791059537920	2.0
537655117269716992	1.0
537951455463112704	-4.0
537594795477467136	1.0
539581441123049473	-4.0
538137172671729664	1.0
539369095897317376	3.0
538005872237371392	0.0
538339112483553280	-2.0
537657131760381952	-2.0
539366776908578816	2.0
538334366158848000	0.0
539433679698026497	-3.0
538009566416760832	5.0
538135491682779136	0.0
538292842473750529	1.0
537601332015026176	4.0
538131690376663040	2.0
539435577385304065	4.0
539577444353974272	0.0
537958627026698240	-1.0
538333440182321152	-1.0
539203203888599041	-1.0
538292197452681216	-3.0
539437953140146176	0.0
537595773924687873	5.0
538138740334817280	-5.0
537655928993361920	-2.0
539574121840254976	5.0
539487622583058432	3.0
537658702443323393	-2.0
539575354223251456	5.0
538293066168565760	-3.0
538290178365079552	-3.0
538000299039133696	-5.0
538294466613092352	4.0
539369011637919744	3.0
537240637956169728	2.0
538132031797227520	0.0
537597393928462336	-2.0
537244755248558080	-1.0
538286576376500224	-2.0
538289140862054400	-1.0
538136192513228800	-5.0
538048254853017600	5.0
538289056950808577	0.0
539433707762089986	0.0
537953048065495041	3.0
537655816627961857	0.0
539486084917637120	4.0
539360918623502336	-2.0
537651922757758977	1.0
537954608388530176	5.0
539370908285415424	4.0
537599740985499648	-2.0
537594124585959424	-2.0
539436275825393664	5.0
538291578390216705	3.0
538053245084893184	4.0
538047779059544064	0.0
539580376998744065	3.0
539198723927318528	4.0
538006152089702404	-1.0
538009847850364929	3.0
538051960747098113	-4.0
539492600273960960	2.0
538293904471506944	-3.0
539490191522938880	-5.0
538050200951357440	-4.0
537599573485973504	-3.0
538334142459809792	4.0
539368479699517440	-4.0
539369429067636736	0.0
537246239981862912	-2.0
539370936139788288	3.0
538047122814541824	4.0
538136136749957120	-5.0
539202868390404096	3.0
539457729685766144	0.0
538334785845100544	5.0
539726205575249920	5.0
538138823751135232	-1.0
538001416041017346	2.0
539580629596512256	2.0
538289589166018560	2.0
539436332133928962	-2.0
537958346574557185	-4.0
539576746518261761	-2.0
537596808667856897	4.0
537957170869190656	2.0
538337201072115712	-4.0
537957143002234880	0.0
539487957796003840	2.0
537599210775117824	3.0
539577893480054784	-3.0
539581553035464704	-5.0
539579958428184576	-3.0
538332852673581056	5.0
539489800500555777	-3.0
538017499724279809	-4.0
538138991196139520	-1.0
539372611369971712	5.0
538138516811952130	0.0
538000188607328257	4.0
539434155495673857	0.0
537243469199466496	-5.0
537956472433672193	-3.0
538000271633551360	1.0
537657495519784960	1.0
539491394923270144	-2.0
539489185917587456	-2.0
537659206875488258	5.0
537601416056291328	2.0
537248112965062656	-3.0
539206894049824768	2.0
537959494375178240	2.0
537654388119318529	-5.0
538000520183832576	5.0
539210327389659137	3.0
539578200196915200	5.0
538134901552599041	4.0
538287486330761216	-4.0
538137452519882752	-3.0
539725287404371970	1.0
537596752485171200	1.0
538292645895077888	-2.0
539205442086645760	1.0
537653126371999744	1.0
538288019661676544	1.0
538010268778123264	4.0
537957031408574465	5.0
538045962892349440	5.0
539581916522233857	1.0
538046143297753088	-3.0
538286950340644865	0.0
538338608655376385	4.0
539724758557138944	2.0
537244223230476288	-1.0
539486504960417792	-5.0
538291718131834881	-4.0
538007522918273024	0.0
537652734854709248	1.0
539726678378156032	5.0
539579511562833922	1.0
538134845764149248	-4.0
538333272262975488	0.0
538138768067526656	4.0
538048990752034817	0.0
537656348138545152	-3.0
539199564088360960	-5.0
537241364472537088	3.0
537959103348629504	-5.0
538010801240801281	5.0
539200769522950144	1.0
539576580113453057	4.0
539492041156489216	5.0
539202085582286848	5.0
539486282062528512	1.0
538333300465885184	-2.0
539578730772176896	4.0
539370322789945344	0.0
537652371393085440	0.0
537652595729661952	5.0
539580713331609600	0.0
539574067129753600	4.0
538007187348803584	5.0
538289336056561664	1.0
537600801578164224	4.0
539370239121977344	-4.0
539580098203381762	1.0
537597645444104192	3.0
539489521596129281	3.0
538133437274939393	1.0
537242683652468736	1.0
539487567335682048	-3.0
537958739589218304	-1.0
537600662180462592	-1.0
537599321932587008	1.0
537952153927954432	3.0
539725203610550272	4.0
538008865691164673	-5.0
538135239147913216	-4.0
537654751463493632	0.0
539198641878368256	0.0
539438875773796352	-2.0
537651475179384832	-4.0
539575548847357952	-2.0
539207950624382976	-3.0
539372136771887105	0.0
539489297708359680	-4.0
537241756052766720	3.0
537654612288102401	5.0
538138488630042624	0.0
538051764558528512	5.0
539206615040544768	0.0
539433623477555203	-1.0
538007299114405889	2.0
539726093750910976	5.0
538051376690257920	3.0
539209153190051840	0.0
537953494326870016	5.0
537955915274940416	3.0
538009173360119808	0.0
537650919802798080	1.0
537655900786675712	4.0
539202169426415616	5.0
539439099594440705	5.0
537653884471476224	0.0
539492851835764737	0.0
537653210434252800	-4.0
538290122513743873	-4.0
537651335752323073	5.0
539579149091106816	0.0
539209685619208192	-3.0
539203091422515201	-2.0
539205301669740544	0.0
539725731530829824	5.0
537668667308118016	4.0
538137901364953089	-4.0
539368452382031872	0.0
539436135685308416	4.0
539436416061960192	-4.0
539579288862097408	4.0
537244139684110338	4.0
539487148312129536	-5.0
539578284108185600	1.0
539436750675144705	0.0
539491171228459008	-5.0
537246492034347008	1.0
537600327907020800	-5.0
538050494389043201	-2.0
537255583867355136	-3.0
538334505917222913	0.0
538306269824548864	1.0
538008585855176704	0.0
539580041995509760	0.0
539439574536454146	0.0
537955190885072896	4.0
538050437413634051	-5.0
539435940385939456	0.0
539373867379462144	5.0
538050405910208513	4.0
539208817691865088	5.0
539360778806382592	3.0
539207782965469185	0.0
539199340125114368	4.0
539373530790785026	-1.0
537601891224784897	5.0
539434629095505920	-2.0
538046351935033344	4.0
539366944621993984	4.0
539573984191602689	5.0
537652286768816129	0.0
538131410155233280	0.0
537653605181190144	-3.0
539436611755597827	0.0
539578591512915970	3.0
537242010189856768	-2.0
537593568140218368	0.0
539386928253001728	1.0
537242317615538177	-5.0
539209097384841216	5.0
538053188403085312	0.0
538292589603356672	0.0
539726567266865153	-3.0
537656796060860416	-5.0
538051124214108160	-2.0
537240749923123200	-1.0
539206503291715584	-5.0
538138348700069889	-5.0
538286779305295872	-2.0
538135435831435265	-3.0
538009538545598464	3.0
539369207008595968	1.0
539371495035006977	2.0
539725342806933504	5.0
539202757069377537	1.0
537955385811144704	0.0
539488907508076544	4.0
539491339143229441	3.0
539435241803628544	5.0
539210439302057986	4.0
538131186301034496	-2.0
538009987784925185	0.0
538132930355556352	0.0
538008809818845184	0.0
539492684344619010	3.0
537245651785228288	-3.0
539435381541060609	0.0
537595550720618496	-5.0
538292084500070401	1.0
538287402444681217	5.0
539200825571434496	5.0
539493187996622849	5.0
538291690294226944	-5.0
539367615190560769	-3.0
537599601436798976	1.0
537601276205621248	1.0
537599824921911296	-4.0
537600941361758208	-1.0
539485357633712129	0.0
538286382201184256	0.0
539204631071817728	3.0
539437255623204865	-4.0
539601283217227776	-2.0
538286265398214656	5.0
539489437659705344	5.0
539373923142729728	5.0
539372944565481473	-4.0
539575130222235648	0.0
537601639239393280	4.0
539370490155270144	-3.0
539437534619926528	-4.0
537243776511918080	4.0
539576106442305536	-3.0
538005984032333824	-2.0
539581524950401024	0.0
538132760255561728	-3.0
538052834093465602	0.0
538048339124953088	5.0
537245736052989952	5.0
538135127256498176	-5.0
539374062670479361	4.0
538048311216070656	-4.0
538130966729216000	5.0
537601360263667712	1.0
539579986295136256	5.0
537247246157631488	0.0
538337536511578112	-2.0
539442497835913216	0.0
538051533284585472	2.0
539576718533873664	3.0
539208146737459200	3.0
537593595432562688	-4.0
539208286843990017	4.0
537952294290358272	3.0
539437590479654912	-2.0
538294690182090752	-5.0
538288247437541376	4.0
538007131426140161	0.0
537244028073705472	4.0
539577781815111680	4.0
539208985350791169	-1.0
539578339816914945	5.0
539205915946516480	0.0
537601919154651136	0.0
539726261598556160	5.0
539492824006549504	0.0
539206782011580416	-4.0
538288666343657472	5.0
538138013533216768	4.0
538051679460278272	0.0
538288973173755904	-3.0
539434796783763456	-4.0
538334281949786112	4.0
539437031345373184	2.0
539199984655405057	-4.0
538292281401679872	-1.0
539200741450080256	-3.0
538132591451578368	5.0
537953103925231616	-2.0
537653800438628352	-1.0
537595606676811776	3.0
539369792340512769	-1.0
538294071992020992	3.0
537652399650144256	-3.0
539490947990835200	-1.0
538333328337010688	0.0
538131606247329793	2.0
539439267534352384	5.0
537245175375216640	-3.0
539491619071090688	-1.0
537601667383181312	-3.0
538052567830650881	-4.0
539202029542182913	3.0
537596639125708801	5.0
537266931443564544	-4.0
538289224404197376	-2.0
537957870219034625	5.0
537959606195339264	0.0
539210243696496640	4.0
538048877732306944	-5.0
537594963291549696	-5.0
537245259177398272	4.0
539485189941243904	0.0
539203540322099201	-4.0
537655956994535424	0.0
539372108783300608	5.0
538051010577858560	-2.0
537959047174291456	5.0
539198892655779840	-5.0
538052046835163136	-3.0
539372388199456768	0.0
539210103921324033	4.0
537595354997604352	4.0
539576441370062848	1.0
538008474010255360	-4.0
539371997084413952	0.0
537245848711999488	-5.0
538035507981086720	3.0
539371773146722304	-4.0
538010717459599362	3.0
537243047080505344	5.0
537954217714266112	0.0
537952042036498432	-2.0
539579874592452608	3.0
538050172346179584	-3.0
539580349656084482	3.0
537598371822075905	0.0
539205833490714625	0.0
538006684518850561	0.0
537956724448444416	2.0
539370657445085184	5.0
539375035639549953	-1.0
539440357432635392	5.0
539579400069840896	-2.0
537656404107350016	-5.0
537601947038396416	-5.0
538021954670706688	0.0
537953327326453760	-5.0
539437451476209664	2.0
538007494875156480	0.0
538137060939694080	-4.0
537241559973244928	5.0
539493132120100865	-1.0
538291185165811712	1.0
537954023572533248	2.0
537600829717753857	-3.0
539438233218973696	-5.0
539369987816054784	2.0
537656264785162242	2.0
538288331386527744	-5.0
538286608756518912	3.0
539201077699411970	3.0
537657467636056065	-5.0
539580601679245312	5.0
538294156511420416	-1.0
539576608064274432	-4.0
538334422257655808	5.0
537242515221803009	1.0
539435493377994752	4.0
538048709410709504	2.0
537954106758160384	-2.0
538293513512046593	5.0
539373978968928256	0.0
539200573187575808	0.0
539724952765988864	4.0
538050982626983936	-5.0
539489688546213890	-1.0
538008781834424321	-3.0
537599936687525889	5.0
538051876382859264	1.0
537240721770954752	-1.0
538008334268637185	0.0
539199004719194112	1.0
537653353430659073	5.0
537593622812979200	-1.0
538046949946294272	-5.0
539582695643152386	-2.0
538052260702724096	-4.0
538335262464831488	0.0
538051707331411968	-5.0
538052471021920256	-4.0
539371661364305920	5.0
539373056394035200	4.0
538010156727275520	5.0
538005368514035712	3.0
537594544079257600	5.0
538139274223570944	-3.0
539490808043696128	-3.0
539205944132255744	0.0
537652790781562880	0.0
537240693866233856	5.0
539486477038911488	-4.0
539202057694351360	-5.0
538001583972581376	-1.0
538048737734836226	3.0
537653014413447168	-5.0
537607079360335872	3.0
539438316857597952	-1.0
539490582901817344	0.0
538337508564959234	-4.0
537652483708162050	-1.0
538009650202165248	0.0
538000605013622784	-1.0
537958122196062208	-2.0
538000492321058816	1.0
539206307577077761	-3.0
539583416832782336	-5.0
539491003359842305	-3.0
538131774577340416	0.0
537596053009489920	5.0
537596108873404416	5.0
538333132714672128	2.0
538048652561117184	2.0
539437925193515008	5.0
539360390627729408	-5.0
537953661939630081	4.0
539402396653203456	2.0
538133241610641408	5.0
537247190348222464	5.0
538331866806624257	4.0
537956055230480384	3.0
539435745011052544	5.0
539726622598111232	-2.0
539577499714588672	-5.0
537241084590841856	-3.0
539436472093663232	-5.0
537240526148616193	-3.0
538137957564444672	5.0
539439909971697664	5.0
538290206290739200	1.0
539725675713019904	0.0
538286664691769344	-3.0
539439015624454144	2.0
538000912523202560	4.0
537593732246568963	5.0
539201945198931969	0.0
538050023695863808	-1.0
539438651936350212	0.0
539198779795439618	5.0
537661535980511232	1.0
539205749747224576	0.0
539204575153377280	3.0
539578032621907970	-5.0
537959354654556160	-1.0
537958879322447872	1.0
539360363247304704	1.0
537243524916576256	4.0
539574094514384897	-1.0
538287963789344769	-2.0
538287089755127809	-5.0
539200460490833921	-3.0
539580321784954880	-5.0
539371605533921280	-4.0
538136332737204226	-1.0
537241954267197440	3.0
539202280839729152	-1.0
537601554510274560	3.0
539373643852427264	0.0
539401675060944896	4.0
539489772516167681	0.0
539368760130699264	-2.0
539577332697423872	-4.0
537658027441389568	5.0
537597115422474241	3.0
538290597342494720	-4.0
539434963503177728	-5.0
539489493624311808	-4.0
538009875935412224	1.0
539577108990009344	-2.0
539373671736180736	5.0
539205553990684673	0.0
538047721605963776	-4.0
539372025060802560	2.0
539366888745476096	5.0
537951986180964352	3.0
537657103843082240	3.0
537654416078561281	0.0
539205581866024960	0.0
537652539735670784	4.0
538138404530429952	-4.0
539369289703489537	-5.0
538338130131423232	5.0
538049345674027008	-3.0
537954830552403969	0.0
537240973466959872	-1.0
538287767168770048	4.0
539204798655242242	5.0
539210215791812608	2.0
539204547282219008	0.0
539576079154159616	1.0
539434379085619200	-2.0
538009033425567746	5.0
538046075840778240	-2.0
537246910722347008	-3.0
538052806171967488	2.0
539199088437506048	-4.0
539493160054181888	-1.0
538048087114387456	2.0
537658534385950721	3.0
538291858401939456	4.0
537958458314985472	-4.0
537951373196029952	-4.0
539491758774964224	1.0
539372639366938624	-1.0
538132366926307328	4.0
539371298699620352	4.0
538010464979255297	-5.0
539490331264552961	-4.0
537600383699677184	5.0
537655425043550208	-5.0
537595438954971136	-5.0
538286548413079552	2.0
539371829249720320	-1.0
538137705520316416	1.0
537248168845803520	4.0
539373419066687490	5.0
537248085010042880	2.0
538288722056577024	-2.0
537654528292962304	0.0
539725175689064448	2.0
538291157156249600	-2.0
539488851807711233	4.0
537655732926439424	-2.0
538050751940296704	5.0
537658336855195648	0.0
538135771883270145	2.0
538338494268334081	-5.0
538004976610865152	-4.0
539484994587361281	-4.0
538133269523726336	0.0
539201161736519681	5.0
538339000462110721	0.0
537953884300668928	-4.0
539209769413017601	0.0
538334925683187713	5.0
537655285008322561	0.0
538006571662704640	-4.0
537242879329320960	-5.0
537597059285929984	2.0
539726539332796416	0.0
537952936459239424	0.0
537652315432714241	-5.0
538337648533078016	0.0
539373000362299392	1.0
539436079838134272	5.0
537659234880847872	4.0
539580545710448640	1.0
539203175530905600	-1.0
539371242877644801	-4.0
537597673441083392	4.0
538335290797342720	5.0
539366721623425024	-2.0
537598762806677504	3.0
539367726922620928	-3.0
539724676352995328	-4.0
538000353598636035	5.0
537598595630129152	-5.0
538051180191309824	0.0
537658450214682624	-2.0
539726316896260096	4.0
538053912000233472	-5.0
538047834973814784	5.0
537651112959283200	-4.0
539489381749624832	2.0
537595242648993792	-5.0
539360418016546816	5.0
538337932978184193	-4.0
539198976692846592	5.0
537651363820625921	-3.0
539580741211160577	-5.0
539439770276225024	-2.0
539432792938270720	5.0
537242739470266368	-1.0
539435689650421760	3.0
539369596281958400	-4.0
539201721256648704	5.0
539206643016531969	-1.0
537595382919090177	3.0
538293737403985920	5.0
538135267107172352	5.0
539434071144017920	-4.0
537243355328299010	5.0
538007690694639616	0.0
537952125998104577	-2.0
537958907264901120	-3.0
538052414994415616	-4.0
537241308709285888	-1.0
539373390893965316	2.0
539202504329035776	-1.0
537595634577321984	1.0
538001527974395904	0.0
537657775690874881	-5.0
538289561118707712	5.0
537247693203329024	0.0
537956808019959808	-5.0
539488181172051968	-4.0
538289419808415744	2.0
539725703642877952	1.0
539200517176819712	4.0
539577612172283905	2.0
537956695969120256	4.0
539438540506292225	5.0
539210131901526016	0.0
539576663303262208	-3.0
537594460037992448	4.0
537956556177178625	-4.0
539577753713274880	-1.0
539200657434374144	2.0
537600969295794177	2.0
538150212775063552	0.0
539725564568162304	5.0
537596247792549888	4.0
537958178341023744	-3.0
539434880057487361	0.0
539485441607860224	-4.0
539433595589644288	-3.0
537241392368852992	-1.0
539437645823496192	5.0
539579009248796672	-5.0
537955636886372352	5.0
537656712007004160	-4.0
538133042288922624	0.0
538004809283272704	-3.0
537957115059789824	2.0
538336636829200384	5.0
539360612388990977	1.0
537652874109804544	2.0
538005452211380225	5.0
538134817867841536	-3.0
538290401502052353	-2.0
539204323948113922	-4.0
539206475445727232	2.0
539437423563128833	5.0
538007970198847488	1.0
537654695503085569	1.0
537598483805794304	-4.0
538293625206341632	0.0
538137116812017665	5.0
537659123278839809	-5.0
539373084361621504	-1.0
537245287077912576	1.0
538290317725011968	0.0
537240609795633153	-4.0
537658055446769665	-4.0
539574794963148800	-4.0
537594152486457344	-1.0
539485161755512832	5.0
537958262856232960	4.0
539438092890157056	4.0
538051736431525889	0.0
538333580179812352	4.0
537651140260036608	0.0
537246631633354753	-3.0
537951789619101696	-5.0
537652707478499328	-4.0
539573901756739584	2.0
538336272561893376	-2.0
537240024476319744	4.0
539491535226949633	-3.0
539443693732634624	2.0
537244838966874112	-2.0
538134080806993921	-5.0
538134108812349440	0.0
538000408430776320	2.0
537239996932300800	4.0
539201272998805505	-4.0
539200488512978945	-1.0
537958571217268736	-4.0
538287599694405632	5.0
538047495092576257	5.0
539486980397342720	-5.0
538049171178422272	1.0
537600690001313792	1.0
537247609069776896	5.0
538010352576131073	-2.0
538338664619978752	-1.0
538136893159124992	3.0
539485497576665089	-3.0
539487985918816257	5.0
538290150477168641	0.0
539574262378823682	5.0
538293401796739073	5.0
539204407632887809	-1.0
538053217129857024	0.0
537658139886501888	-4.0
539436919185502208	-1.0
537956528251473920	0.0
539366972463792129	0.0
538332964451393536	-2.0
537241870255292416	0.0
539490135604482048	-2.0
539575798874001408	0.0
539368062043320320	4.0
537958318682431488	0.0
539437813402697728	-1.0
538050465259610112	3.0
538131298305724417	0.0
537959438452547585	-2.0
539575242491174912	-1.0
539204994164330496	5.0
537601192374042624	-5.0
538010857314459648	0.0
538000968550723584	5.0
538133940335546369	5.0
538334673920077824	3.0
539438763613880320	-1.0
538131578296467456	4.0
538338522181410816	-3.0
537953383332999168	0.0
537240833876295680	1.0
537954245103075328	1.0
538135099406299136	5.0
538333862733287424	2.0
538288187211517953	5.0
537651838896861184	2.0
537242991187214336	-2.0
539575939274125312	2.0
538289112906989568	3.0
539578563423649792	1.0
537953438546792448	0.0
537267514418286592	-5.0
538053275418132480	0.0
539486700456931328	1.0
537246212077150208	3.0
537596080935145473	-2.0
538337312586088448	-5.0
539366804888780800	1.0
537241140865802240	4.0
537248196716920832	-3.0
539492991522836480	-4.0
538049111954845696	-5.0
539208258826039297	5.0
539200993410703361	0.0
537959662097031170	4.0
539486056908066817	5.0
537958542519848960	2.0
537655537010491392	-5.0
539487761699721216	0.0
538007998292324352	4.0
538010043929870336	5.0
538009145438646272	-3.0
539371186946605056	1.0
538334030601912320	0.0
539490415251320832	-3.0
538335629013417984	-3.0
539434211426709504	5.0
537653856449347586	5.0
537599657200062464	5.0
537653154297675776	3.0
537242150040502273	5.0
539490836191264768	1.0
538338186238636032	3.0
537242401732304896	0.0
539485693366788096	5.0
539202532690919424	0.0
539436947459289088	-3.0
537955330014318592	5.0
538286327272591360	-1.0
537956667770806273	1.0
538290793740795904	-5.0
539574851087118336	4.0
539492656372789249	0.0
537662229873565697	5.0
538138935361556480	5.0
538052162098835456	-4.0
538336525235519488	5.0
539369151736057856	0.0
538288103472246785	5.0
539203428799774720	-1.0
539436388169838592	-2.0
537657244012531712	0.0
538134789464010753	-3.0
537243580688248832	-5.0
539360472974503936	-2.0
538011025208270848	5.0
539369848061833216	-3.0
539489716572536832	-4.0
539201328934027266	5.0
539577304767533057	3.0
537958430439661568	0.0
538289252237598722	-5.0
539575326285000705	1.0
539576273711157249	4.0
539489911758675968	0.0
539486532873498624	-1.0
538291213154414593	5.0
539724594262069248	0.0
538001136587128832	-4.0
539580797268021249	2.0
539368676127150080	5.0
538333778574606336	-3.0
539368257313325056	-3.0
537597505740238848	-5.0
539579930397659136	-4.0
539203819453030401	4.0
537614760687071232	5.0
538334394235498496	2.0
539489241781522432	1.0
539389810155085824	-3.0
537241616072056832	5.0
539578172334166016	4.0
538006487541764096	0.0
539493048204664832	2.0
539436891171733505	-3.0
538289673609945088	-2.0
538134360835506179	5.0
537602808116043777	0.0
538004616756338688	0.0
537656852134522880	1.0
538047891009732608	-5.0
538138628850200576	3.0
538140608921993217	0.0
537595578780508160	-5.0
537655984978952192	-3.0
538293681435197440	5.0
537952517947404288	2.0
539488767976153088	3.0
539203372851933184	-3.0
539202644838211584	5.0
538337452310953984	-3.0
538015609745731584	-4.0
538339056518971392	0.0
539206028119003136	2.0
538332936370913280	0.0
539576914139435008	4.0
538005396469059584	5.0
539436806673301504	1.0
537242599690895360	-3.0
538008921622200320	-4.0
539208761647562753	-5.0
538136025114378240	-2.0
537598847040892928	0.0
538334254045085696	5.0
539435186501713922	-4.0
538334645973422080	4.0
537957199021355008	5.0
539368368734994432	-5.0
539374230438440960	-5.0
539487650038939649	0.0
537596136262209536	1.0
538135939449909248	0.0
539490107578142720	-2.0
537654949367517184	-2.0
537954802626756609	4.0
539204210806775808	-4.0
539367810775146496	5.0
538006291990708225	5.0
537957562592018432	-3.0
539433819863285761	0.0
537601527238889472	0.0
537951761685024768	0.0
537955136069701632	1.0
537654584333049857	3.0
537652230711939072	-4.0
539209292088614912	-3.0
538332345364148224	0.0
539434573260939265	0.0
539434434878275584	5.0
537241643918045185	-5.0
538009201344532480	-4.0
538338860187799555	4.0
539372972424052737	-4.0
539370769026129920	4.0
539368535626358785	0.0
537956639916441600	5.0
537244783144869888	-4.0
538294268377710592	5.0
537595298571628544	-4.0
539441000910172160	3.0
539206838026526720	-1.0
539490694784905216	0.0
539372916568518657	4.0
539201413294063616	4.0
537598343934115841	3.0
539198669204238337	0.0
537246100294729730	0.0
537242261856452609	-1.0
539581050004185089	-4.0
538137396777590784	4.0
538000216864329728	4.0
538287571785506816	2.0
539202588793913345	-4.0
538050579667632128	3.0
539440917045080064	3.0
539486421401477120	-2.0
539434267290660864	-5.0
539210523326550019	-3.0
538293988399538176	-4.0
539724562758639616	1.0
538336328816275456	-3.0
538046771684184064	0.0
538292169568964608	4.0
537598986602184704	-2.0
538053335023366145	-3.0
538010072509861889	5.0
538009285356433408	-4.0
539440636727144448	-1.0
539488656248291329	0.0
537261798030729217	-2.0
539581692546387968	-4.0
539366584822030337	1.0
537594851249127424	-3.0
537599014632706048	0.0
537245511015997440	3.0
539455788087906304	-5.0
539206671021932544	2.0
538011333263126528	-5.0
539485525565272064	1.0
537600773648310272	5.0
537656459983867904	2.0
539488488379658240	3.0
537655593017040896	-1.0
538335150447550464	-4.0
539582140611297280	0.0
538049700944158720	0.0
537951510207143936	1.0
538046439746985984	0.0
538333749919088640	-5.0
539209573706772480	2.0
537955469407842305	0.0
538050230676373504	0.0
537240359106273280	1.0
538045667936325632	5.0
539368034172141568	4.0
539201973179150337	0.0
537598287629778944	4.0
538011248882094081	3.0
537246575790419968	-1.0
539372667384913920	3.0
538132703401766912	5.0
539206112177033216	1.0
537953967402409984	5.0
539575158122741761	-4.0
539577669663608834	5.0
538133633039880192	-4.0
538138264998539265	5.0
539209462025048065	3.0
538136585611788288	4.0
537955413715849216	-4.0
538050318588993536	-4.0
537600271975976960	-5.0
537242823486369793	-5.0
539725454585106433	-4.0
539579679200776192	5.0
538334310219403264	-4.0
539204854548541440	-5.0
539436583905411072	5.0
537595746019979264	-1.0
539209236249841664	2.0
539574206292566016	-4.0
539371550378835968	0.0
539201189708300288	-2.0
539435772890611712	5.0
539373446967615488	4.0
539434351084470272	0.0
538287542416965632	-5.0
539439043684335616	5.0
538133605130969089	-4.0
539576997710929921	5.0
538007019551473664	-2.0
538008613831577600	5.0
538294184562937856	-4.0
537596164221435905	3.0
539207755157241856	5.0
537657551522136064	1.0
538336553127665665	-3.0
538293793121124352	-5.0
538138237139968000	-4.0
537242345675423744	-4.0
539367531493216256	-2.0
538133297688510464	-4.0
538135911469707265	-4.0
539205217804623873	2.0
537241001388421120	-4.0
539575214351609856	0.0
537595102940913665	-3.0
537654444000038912	2.0
539209069454966784	-3.0
538047523655794688	-4.0
539432655872610304	-1.0
539579818820767744	2.0
539580265996509185	-1.0
538334869672427520	1.0
539439937893183488	0.0
538292870495879168	1.0
538138684739297280	1.0
539577977148047360	-1.0
539579762856165377	0.0
538289926291607552	5.0
539574990484828160	3.0
537657411818250241	5.0
539370796251381760	-4.0
539574962517184514	5.0
539206559315034113	-1.0
539491786650316801	-4.0
537595158804848640	-1.0
539576413410828288	0.0
539492320530673665	5.0
538051068249513984	1.0
537651167535591424	5.0
538009791986429952	4.0
539484912643223552	-4.0
538005760320765953	-1.0
539368871996956672	-1.0
539580825143357441	0.0
537597813342109696	-2.0
538009594438885377	-5.0
537597561620922368	1.0
537241112667516928	3.0
539726177616011264	-4.0
539490722723135489	-1.0
