-2.35251022323
-2.17497313539
-1.92988635322
-2.44281738232
-1.81885535429
-2.56906979374
-2.41301386273
-2.5129158224
-2.28807066848
-2.55524280655
-2.18768580956
-3.0811706532
-3.02228256715
-1.64817300959
-1.63581539338
-1.93980044993
-2.98910130112
-3.11190907677
-2.42956533604
-2.79413163711
-2.22790545411
-2.77044137211
-2.34464125191
-2.81294590671
-2.64343249019
-2.32263295782
-2.93780926926
-1.82313848429
-2.56974736191
-2.64886125322
-2.97915828233
-3.05352660266
-2.05511591435
-2.28639276298
-3.28838818067
-3.36414476952
-2.90033100189
-2.61257560631
-2.18841557645
-1.96238949045
-2.36068576606
-1.58292992463
-2.710913367
-2.03357132259
-2.15911063307
-3.54013804805
-1.82822325553
-3.00919742231
-1.71948045174
-2.85176908355
-1.67714942522
-1.91570607526
-1.99243417944
-2.3513393862
-3.0393020104
-2.70120699867
-1.75101831941
-2.43468411066
-3.71807281061
-2.61432803854
-2.24400765287
-2.47644583007
-2.5993811603
-2.09063326759
-1.8122550213
-1.58911092608
-2.52147188645
-1.48860106903
-2.97223662447
-2.42572131428
-2.74948396593
-2.06068329127
-2.85581184994
-3.63620636371
-2.16682181363
-2.24726837078
-1.93520310258
-2.2969772494
-2.75876721094
-2.86549428461
-2.25381887654
-1.3586594858
-1.89477972854
-2.19084138195
-1.79060095967
-1.07739056189
-2.39102134792
-3.04343822301
-1.5606874849
-2.25928389576
-2.19312040541
-1.24010215002
-1.88071882898
-0.651056281377
-1.59902489075
-2.82165530455
-2.54791839251
-2.35496832174
-2.77201904736
-2.24900023287
-2.72695832677
-2.55974600401
-2.51744690712
-1.2705160935
-2.26374317589
-2.11029989759
-2.12815039747
-2.62787649665
-2.19997471877
-2.33200799021
-2.10346813214
-2.81579596894
-3.41766758752
-2.85969818228
-2.24855199865
-2.32751277669
-2.38556260021
-3.10428568324
-1.7420403415
-2.47013354758
-2.80939125632
-3.00192440859
-2.97508238426
0.139444671367
1.03772802335
0.231401542745
0.432627150058
-0.16217058378
-1.55672206974
0.488163334568
-0.0929383440169
0.276913773619
-0.0600211352739
-0.141756039872
0.592240993099
2.15348657235
1.24384428689
0.391666480611
0.251426146316
-1.53697641104
0.77124056309
1.41528678541
0.33861298489
-3.1557033467
-1.34358476135
-0.157264529785
0.0385449329771
0.0377251243033
0.70261633622
0.233973123609
0.277776144586
-2.40677115769
-1.40185748893
-0.57902590491
-0.456253094032
-0.246459090408
-1.90650628909
1.24358490146
1.7777526774
0.969032340253
-0.0842182343599
-0.074721873565
-0.401146921854
-0.0101783407075
-0.187098948701
-1.0368564811
-0.288548346198
-0.201979047044
2.02333932676
-0.117336440329
0.199016269737
-0.933726969095
-0.150691030803
0.0607869235246
1.63406147189
0.15557608716
0.499483486125
0.3921929665
0.244481997523
0.261353219687
0.698166146818
0.156152896419
0.917099315456
-0.212123950602
1.74313822596
-0.897500773403
0.181252045666
-0.0831461134948
-0.655042748627
1.09784593708
-0.266094816636
0.0874525647999
0.295525847531
-1.36485555386
0.7022391996
-0.0427137715925
-0.0863861903895
2.22031518582
2.93086784981
1.14654788706
-0.128521366954
-0.203809616558
0.670726062278
0.264044540659
0.888016280331
-0.245732318201
1.00834603117
1.77603141079
-0.548976336787
0.132667837201
-0.0288603102624
0.849186775944
-0.0639167948539
0.125663638348
0.743616023842
1.72678759294
-0.792375896918
-0.167347659045
-0.811172684808
-0.0893759342983
-0.0382745926225
-0.188423579663
0.72156775279
0.628280438369
-0.276089224277
0.0884727135754
-0.454163427052
-0.340730381556
0.330789852408
-0.178629237402
-0.390655764395
-0.139612157592
0.400657964337
0.0676868441899
0.699542463026
-2.69037444845
0.369404870351
0.132771574508
0.60735050057
-1.24448136245
-0.783629862901
-2.01078097782
-2.33003533386
-1.99895609583
-1.14774132424
-3.5000130123
-2.23127815216
-0.704997104872
-2.44266167374
-1.89516802486
-2.04120634174
-1.79861850318
-1.83488841184
-1.63937399304
-2.74564221755
-1.36973387723
-1.5975482144
-1.45165358653
-1.91770967671
-1.83076183306
-2.7722741443
-2.37822597947
-2.2264696638
-2.23238782141
-1.38729183705
-2.23680614615
-1.29934804281
-2.2258646519
-1.4447508312
-1.69068537481
-2.19427590216
-1.63990924498
-1.46925460946
-2.2779223245
-1.7140593885
-1.87889126854
-1.36350637311
-2.87572421791
-1.95753062068
-2.39354287598
-1.89225500528
-1.96200577559
-2.02370709181
-2.66527908172
-2.01037969766
-2.68873081408
-1.78787519219
-1.55275331159
-2.93899937561
-1.9131219807
-1.13079197931
-1.32287407386
-1.37277233507
-1.78972035624
-2.21702489741
-1.75679334124
-2.50908619344
-1.87428817169
-2.36637746553
-2.42074400369
-2.34940499847
-1.71531480017
-2.89128857271
-2.43464890122
-2.94053629004
-2.37153318109
-2.67526692197
-2.18913702198
-2.19327182013
-1.87163267688
-1.81241190949
-1.22649670645
-1.36228848343
-1.72450818374
-1.82577903018
-1.27955786626
-1.39565227714
-2.26580775364
-1.77974423636
-1.84948559857
-1.4859746809
-1.16082025385
-0.557525402749
-1.16821646741
-2.26580775364
-0.709043076703
-2.26580775364
-0.99403265509
-2.26580775364
-1.10069345046
-1.73640905237
-0.947665429524
-0.648611658431
-0.107586983016
-0.719883018598
-0.646450180198
-0.839935544388
-1.03013247629
-1.16628549058
-1.02447460122
-2.38615732833
-1.54382609687
-0.544603079748
-1.84848679987
-1.90058725768
-1.42565133825
-1.17091422324
-1.13358216176
-1.09650656596
-0.496802958145
-1.3916366902
-1.02800767214
-1.31225882745
1.15635363733
-1.80596470038
-2.57379694309
-1.19714117687
-2.72335588814
-1.27273162772
1.65552421052
-1.26656002366
-0.770347437294
-1.39965887054
-2.61216608218
-1.52106686714
-2.75590862376
-2.01706223455
-1.34005551877
-1.23772932454
-0.972406394807
1.96738250689
-0.774080222573
1.10598419015
-1.30153769268
-0.598563308399
-1.49255428507
-2.16743756301
-2.18299644213
-1.64569805539
-2.26621413878
-2.05820309196
-1.96449387583
-2.65959911326
-1.89547424577
-2.25819258246
-1.62328925981
-2.12032648511
-2.44253038014
-2.32365783247
-1.85775319089
-0.920048165722
-2.38447566869
-2.37566452163
-2.52667819556
-3.31092698155
-1.60745445178
-1.56824031892
-2.49872975195
-2.77931412795
-1.43109557559
-3.07053477704
-2.05317129595
-1.78888373889
-2.21819541218
-2.25742922751
-0.932341343801
-2.20095063197
-3.61636383434
-2.37289236297
-1.23521299094
-2.19857437705
-1.68353524333
-2.12046330331
-1.97842365359
-1.24415177667
-1.20157825487
-1.48471726486
-2.17888900781
-1.46035232176
-2.18542593827
-2.93396775426
-2.33202087974
-1.05762658052
-1.71780586911
-1.50327925607
-1.29935196455
-1.54882276605
-2.47685134565
-2.31290812741
-2.04293030745
-2.69090916376
-1.92791217321
-1.78932390146
-1.72613444803
-1.63504822532
-1.62933547328
-2.33920617101
-2.77127208746
-1.26394057917
-1.84067296256
-1.23383374241
-2.19240396301
-1.8622046484
-1.9296935049
-1.84039839843
-2.13693573322
-3.36757337528
-2.5921514507
-2.41502661043
-1.94093089609
-2.57452453405
-2.03413156026
-2.20785968794
-2.82902047934
-2.04021799458
-0.82589714751
-2.30146689545
-1.36258739341
-1.60631141074
-1.55467813514
-1.3465412771
-2.86162975092
-1.94304834882
-1.76268286837
-2.4295795128
-2.25849143199
-1.59783499173
-2.05259036097
-1.69103712268
-2.32080582917
0.782699985507
-2.97420932586
-2.45721139213
-1.7856058589
-0.561194797529
-2.15294528942
-2.46032643904
-0.943887758558
-2.88963576629
-1.78592125321
-2.6934809594
-0.403348620464
-2.03865002232
-2.38374773977
-2.18301628966
-2.76657533003
-3.13782022813
-2.33920862483
-2.28671900769
-2.27074482704
-2.61436245312
-3.53980620206
-2.09479646935
-2.71494888034
-2.91735329972
-2.77634857381
-1.86866097472
-3.0176835929
-2.38298748149
-2.14976994676
-2.81469469063
-1.21022025876
-2.12297252962
-2.38854748294
-3.57265539693
-3.39600040248
-3.12026105904
-2.60450362854
-2.748737899
-3.19008495126
-2.36552913266
-2.13511175478
-2.45419311347
-1.82291719909
-2.38366433289
-2.8841065301
-2.78900019276
-1.99288065494
-2.35491411323
-2.30886051835
-2.37630516783
-2.35634684952
-3.4250722197
-2.5209457117
-2.456869565
-2.25196983841
-2.7375509616
-2.56608956115
-2.53492454402
-2.39485655439
-2.46290045048
-3.11894534228
-2.78102814983
-2.46645756187
-3.12300325139
-2.19810296755
-2.55243057198
-2.41280736377
-2.05980542152
-2.46544738474
-2.33485506365
-1.82392358176
-1.73414071535
-2.42071319702
-2.40979977187
-2.82930248195
-2.65359639678
-2.51271697075
-2.01474120952
-2.26108766626
-3.17500666203
-2.22204811432
-2.43860968368
-2.21347060082
-3.5107376211
-2.47649174515
-2.84191510625
-1.6143603143
-2.53525687436
-3.1488520276
-3.03455328707
-2.44614934586
-2.29518353946
-2.18388836459
-2.29957211529
-2.231507555
-2.49749398412
-2.09609608991
-2.21316562959
-3.02215383874
-2.25222347766
-2.51538320017
-2.46048333164
-2.00520986142
-2.02048521473
-2.58023083376
-2.18539191471
-3.93870595703
-2.2302774615
-2.55133871163
-2.29544625438
-2.48705024442
-2.14398856896
-2.20138653668
-2.96999559572
-2.33210281502
-2.06834834504
-3.16638302981
-2.76243600742
-1.58284191712
-2.6452421549
-2.37796508944
-2.41478961441
-2.09011695854
-2.57710838187
-1.78000559365
-2.37566352882
-2.36716804077
-2.70220166371
-1.94836421291
-2.27027647104
-2.9602684725
-2.88305261448
-2.57720880581
-2.55344301849
-2.29846582597
-4.03023013566
-2.62719445719
-3.08308632287
-2.90262822046
-2.81830255552
-2.16223424646
-2.44800875849
-2.77988888233
-1.69730186694
-2.7621104528
-2.47388595515
-1.85111995018
-2.33548221144
-2.58133686674
-2.64965735178
-2.66667364379
-2.44178140488
-2.66583972087
-2.92297474399
-2.0831733338
-2.66381977075
-2.26462067623
-1.94476366998
-2.87684153089
-2.52136938307
-2.88847180461
-2.76265464062
-2.8966939871
-2.44026660817
-2.23905316008
-2.64767183284
-1.43106534368
-3.01217262719
-2.84441048065
-2.38884526061
-2.06144288702
-2.22074567459
-2.61059404735
-2.74347545565
-2.04419296369
-2.39125933001
-2.66083836483
-2.75259120213
-2.55629706291
-2.96309288226
-2.44124158517
-2.76587438199
-2.65863795502
-3.01056314648
-2.48985420721
-2.10551793549
-3.73153683866
-2.23031674372
-2.4504176019
-2.59745819383
-2.0620800501
-2.85663249294
-2.5854187692
-2.75029734955
-2.4730975294
-2.83337250732
-2.87638769529
-2.47426746638
-2.42151419718
-2.33887930014
-2.20191608338
-3.60470110469
-2.59451484736
-2.07815667213
-2.41610814665
-2.32124020997
-1.99849099678
-2.87930074834
-2.55459228604
-2.53659083084
-2.69387767331
-2.14507700296
-2.87042197048
-2.46299023162
-2.93659781427
-3.0824695905
-3.13782022813
0.109194101465
-0.245142013123
0.188451463707
-2.5990019839
-2.78084243213
0.430339759386
0.635561569397
-0.150063960751
-0.652817679003
-3.73096087635
-0.491990289128
1.12541956876
-0.754888681818
-0.0983878036251
0.106011096948
-0.198503819593
-0.207119350813
0.3864082711
0.325405711518
-0.0536879073692
-2.17896982258
-2.45283050089
-1.96406989165
-0.266521326904
-2.74268734477
-0.0408183264518
-0.31311999861
-2.03753793497
-1.33417118672
-0.0338218366622
1.00158526297
0.31722438073
-2.33644900653
-2.21227038379
-0.772552987262
-0.258688429219
-0.174399859299
-0.276204063277
-0.154405356392
0.186705485756
-2.64635215237
-3.10902745284
-2.96670283963
-0.0795521763081
-0.338982483666
-1.33378522303
-2.22068504603
1.30338559529
-2.82273615758
0.127192147704
-0.868963434758
-0.283695947782
1.02067440651
-3.49030892814
-1.96950959318
-0.485348879181
0.266664120971
-1.26066352596
-0.198075406825
-0.388569847111
0.537030571654
1.53084102825
2.98763235896
0.427169657618
-3.38965611021
-1.15790330666
-2.28389831963
-0.0364541143884
-2.85266266241
-0.369965322636
0.221345924841
-1.26203974077
-0.262756562962
-2.43217352307
0.00212803505337
-1.13992863498
0.368334780835
-2.67377030894
-1.02068443243
-0.425464003503
1.09837769739
-2.63031548684
-3.12262091666
-2.65576771927
-2.99965161505
-2.90811386288
-2.25048174976
-2.43019938271
-2.27457488114
-2.84341809169
-2.75389096978
-2.74151308209
-3.41609995498
-3.36592682255
-2.7324465489
-2.24841247658
-2.64317066406
-2.69914041038
-2.63890396733
-2.95947576678
-2.72831007327
-2.89055443212
-2.15064807886
-2.05425732325
-2.5407539925
-2.43897749428
-1.21846166715
-2.58410542117
-2.78426613854
-3.16002176609
-3.78073523569
-1.76648681514
-3.38611188585
-2.56635570131
-2.20779675808
-4.16535115592
-3.10021716672
-2.36277133266
-1.95151321216
-2.86354178851
-3.03323667708
-2.41545671927
-2.17817665479
-1.60867686898
-2.80064243842
-1.93917471731
-1.78405245463
-3.04106799605
-1.90411234789
-1.89710323776
-1.50578472261
-1.60032000049
-0.932554106041
-1.73200217754
-2.14276575474
-1.8569501115
-2.64146550031
-0.954831666524
-1.94702303151
0.203652057609
-1.46504212419
-1.46060502865
-1.06482508753
-1.80299815422
-1.26773917914
-1.35748688883
-1.8947904449
-1.76277579662
-1.55139198586
-1.72119095048
-1.69837134333
-2.31095417183
-1.85800307615
-1.93826368647
-1.91012725591
-0.4689626183
-1.91051463496
-1.71908994423
-2.51478461643
-1.19596055417
-1.61393500483
-1.63963934979
-1.41014798828
-1.96340391175
-1.7794824277
-1.54122774732
-1.99231044176
-1.80733329882
-1.58289480633
-2.88433712727
-0.592522153135
-2.31583018642
-2.30662906527
-2.70687873234
-1.22875536384
-2.3332730926
-1.55223081123
-1.20135223106
-2.3233114844
-1.67771691602
-2.39279235979
-1.67283618166
-1.45248175128
-2.01181155779
-2.16794217471
-0.721909005878
-1.44824348344
-2.21178637371
-2.34295260286
-0.651009053937
-2.21786802818
-2.24081438114
-2.45272993502
-2.57471751455
-2.58603393508
-2.00759322925
-2.42728828697
-2.7207389275
-3.20345404198
-1.72761220246
-2.32208404906
-2.92638806869
-2.64762054588
-3.49968966969
-2.74436222138
-2.36963562771
-2.98157753329
-2.0923892199
-3.18894135864
-2.14705079232
-2.4706318734
-2.76321942249
-1.74100555844
-2.7781940575
-0.44415789747
-1.97783345686
-3.84242058833
-2.88898058073
-1.97507193294
-2.28512015698
-3.15613659914
-2.57179983859
-2.57021009193
-4.10735815196
-2.96441514225
-2.647879528
-1.7245257929
-2.47218873673
-2.4158115542
-2.09804843965
-2.70345554714
-0.257679769915
